1: 41,114,38,81,150,72,153,105,1.0
1: 27,47,27,19,106,19,106,47,0.999
1: 108,47,108,24,160,24,160,47,0.998
1: 34,80,34,53,99,53,99,80,0.998
1: 200,48,200,27,252,27,252,48,0.998
1: 150,102,149,80,201,78,202,99,0.997
1: 141,75,141,53,183,53,183,75,0.995
1: 162,48,162,28,198,28,198,48,0.982
1: 103,75,103,53,140,53,140,75,0.908
2: 661,98,661,81,714,81,714,98,0.999
2: 474,129,474,112,524,112,524,129,0.999
2: 485,194,485,177,532,177,532,194,0.999
2: 411,114,411,77,515,77,515,114,0.997
2: 525,128,525,112,580,112,580,128,0.997
2: 519,107,519,81,556,81,556,107,0.991
2: 560,109,560,86,629,86,629,109,0.978
2: 935,152,935,136,959,136,959,152,0.943
2: 655,137,655,125,723,125,723,137,0.561
3: 837,193,821,101,1004,70,1019,163,0.997
4: 740,281,612,269,615,242,743,255,0.999
4: 900,231,894,211,943,197,949,217,0.533
5: 750,224,750,202,788,202,788,224,1.0
5: 100,317,100,252,434,252,434,317,0.989
5: 1060,437,1060,405,1154,405,1154,437,0.989
5: 1048,387,1046,356,1139,351,1140,382,0.986
5: 1029,250,1020,220,1107,195,1116,225,0.985
5: 1043,331,1039,305,1126,290,1130,316,0.971
5: 741,279,739,265,779,259,781,274,0.951
5: 946,276,939,247,999,232,1006,261,0.875
5: 879,247,876,230,914,225,917,242,0.871
5: 916,243,913,226,948,220,951,238,0.812
6: 83,416,61,364,154,326,176,378,1.0
6: 54,196,54,112,153,112,153,196,0.999
6: 75,494,49,442,170,382,196,433,0.998
7: 342,157,64,97,82,16,359,75,0.998
7: 804,212,693,157,716,112,827,167,0.985
7: 804,267,707,264,709,208,806,211,0.862
7: 696,152,696,4,814,4,814,152,0.795
8: 945,396,887,372,894,354,953,377,0.998
8: 984,414,940,398,949,375,993,391,0.996
8: 944,422,902,406,910,385,951,401,0.99
8: 1045,467,996,445,1003,431,1051,453,0.968
8: 1001,450,940,423,947,407,1008,434,0.964
8: 430,574,428,562,472,553,475,565,0.912
9: 537,179,536,158,595,156,596,176,1.0
9: 266,101,261,49,480,30,484,83,0.999
9: 521,161,520,139,601,136,602,157,0.999
9: 479,85,475,25,709,6,713,66,0.999
9: 607,157,607,119,697,119,697,157,0.999
9: 614,130,613,108,699,103,701,125,0.997
9: 519,141,518,120,566,117,567,139,0.996
9: 610,175,609,158,644,156,645,173,0.974
10: 501,291,497,251,640,235,645,275,1.0
10: 579,174,576,149,648,142,651,167,0.999
10: 651,163,649,142,695,138,697,159,0.999
10: 370,199,369,171,438,169,439,196,0.999
10: 187,221,184,197,245,190,247,214,0.999
10: 442,256,442,217,522,217,522,256,0.999
10: 225,463,221,437,406,411,410,436,0.999
10: 439,194,436,167,516,158,519,185,0.999
10: 248,218,245,188,345,177,348,207,0.998
10: 283,327,276,279,491,250,497,298,0.998
10: 350,265,346,223,433,215,437,257,0.998
11: 337,380,337,356,387,356,387,380,0.991
11: 664,293,447,276,452,202,670,219,0.989
11: 127,446,126,411,241,409,242,444,0.669
11: 141,379,141,346,228,346,228,379,0.649
12: 392,100,390,81,506,65,509,83,1.0
12: 414,114,412,96,483,88,485,107,1.0
12: 404,80,401,63,465,53,468,70,0.999
13: 82,499,68,460,170,424,184,463,1.0
14: 173,496,158,455,277,411,292,452,0.979
14: 284,208,146,174,156,134,294,167,0.962
14: 181,322,181,300,218,300,218,322,0.696
15: 908,117,900,85,960,70,968,102,0.999
15: 1081,151,1077,122,1151,112,1155,141,0.999
15: 683,66,683,46,735,46,735,66,0.998
15: 750,261,750,239,803,239,803,261,0.998
15: 647,100,646,81,679,79,680,98,0.997
15: 687,354,685,332,805,325,807,347,0.997
15: 679,98,679,79,724,79,724,98,0.995
15: 680,269,680,243,733,243,733,269,0.994
15: 707,333,706,315,795,309,796,328,0.993
15: 717,114,717,98,758,98,758,114,0.991
15: 758,95,726,95,726,80,758,80,0.99
15: 792,72,736,69,738,46,793,48,0.966
15: 670,194,670,163,802,163,802,194,0.955
15: 799,98,772,95,774,79,801,81,0.889
16: 243,379,234,336,295,323,304,366,1.0
16: 219,270,219,226,285,226,285,270,1.0
16: 526,136,438,55,472,19,560,100,0.993
16: 127,367,127,340,173,340,173,367,0.991
16: 226,447,226,399,288,399,288,447,0.991
16: 94,656,94,638,136,638,136,656,0.984
17: 1062,644,819,639,821,553,1064,558,1.0
17: 938,548,815,544,817,502,939,505,1.0
17: 949,551,949,510,1083,510,1083,551,0.998
17: 550,277,548,249,700,242,702,270,0.998
17: 1083,559,1083,511,1273,511,1273,559,0.995
17: 1066,664,1066,560,1277,560,1277,664,0.934
17: 608,249,608,228,649,228,649,249,0.921
18: 106,355,102,337,151,326,155,344,0.998
18: 106,379,102,361,181,341,186,359,0.998
18: 185,359,180,341,240,327,244,345,0.997
18: 108,402,104,386,154,372,159,388,0.957
19: 395,227,385,197,441,179,451,208,0.998
19: 821,305,818,252,867,249,870,302,0.994
19: 816,259,809,214,861,206,869,251,0.988
20: 112,157,15,101,37,64,133,119,0.967
20: 758,114,736,72,871,1,893,43,0.921
21: 1143,230,1143,204,1212,204,1212,230,1.0
21: 921,247,918,221,1019,208,1022,234,1.0
21: 946,219,943,197,983,191,986,213,0.952
21: 1163,205,1163,182,1191,182,1191,205,0.75
21: 726,265,726,243,845,243,845,265,0.699
22: 301,150,175,131,183,81,308,100,1.0
22: 346,149,306,143,308,129,348,135,0.969
22: 345,134,303,130,305,110,347,114,0.901
22: 178,128,3,104,10,53,185,77,0.657
23: 66,218,66,176,140,176,140,218,0.999
23: 93,240,93,220,132,220,132,240,0.991
23: 46,279,44,238,172,234,174,275,0.983
23: 88,444,88,428,116,428,116,444,0.976
23: 117,442,117,427,162,427,162,442,0.955
23: 94,247,65,247,65,221,94,221,0.937
23: 334,162,332,146,398,139,400,155,0.749
23: 1149,141,1147,98,1215,96,1217,139,0.668
24: 154,236,43,233,44,206,155,209,1.0
24: 774,262,773,239,876,236,877,258,0.915
25: 646,272,646,245,714,245,714,272,0.999
25: 595,274,595,248,643,248,643,274,0.998
25: 929,181,902,142,1001,72,1028,111,0.998
25: 603,245,603,222,646,222,646,245,0.998
25: 597,305,597,276,675,276,675,305,0.998
25: 628,128,628,114,651,114,651,128,0.998
25: 597,207,597,175,716,175,716,207,0.995
25: 652,128,652,115,683,115,683,128,0.993
25: 719,305,674,301,676,273,721,277,0.989
25: 591,177,591,137,719,137,719,177,0.987
25: 282,187,220,146,241,114,303,154,0.89
25: 602,136,598,122,626,115,629,129,0.802
25: 608,422,608,409,664,409,664,422,0.74
25: 663,423,662,408,716,406,717,421,0.578
26: 1005,147,1000,116,1091,101,1096,132,0.999
26: 734,183,663,180,664,159,735,162,0.999
26: 764,229,757,157,827,151,834,222,0.998
26: 975,236,975,218,1004,218,1004,236,0.996
26: 1114,39,1110,19,1167,9,1171,29,0.995
26: 1109,61,1102,36,1176,17,1183,42,0.995
27: 352,205,210,166,219,131,362,171,1.0
29: 263,262,262,241,343,236,345,257,0.999
29: 251,219,251,200,339,200,339,219,0.999
29: 94,336,94,309,124,309,124,336,0.999
29: 252,201,252,184,300,184,300,201,0.999
29: 220,260,220,243,262,243,262,260,0.999
29: 222,219,222,202,252,202,252,219,0.999
29: 149,324,149,302,173,302,173,324,0.999
29: 268,243,267,223,333,220,334,240,0.999
29: 229,243,229,225,268,225,268,243,0.999
29: 771,131,753,94,836,53,854,91,0.998
29: 208,330,207,309,261,307,262,328,0.998
29: 213,203,213,185,252,185,252,203,0.998
29: 122,331,122,304,151,304,151,331,0.998
29: 225,300,225,283,278,283,278,300,0.998
29: 214,284,214,265,280,265,280,284,0.997
29: 261,326,260,307,306,305,307,324,0.996
29: 301,201,301,182,343,182,343,201,0.996
29: 277,299,276,281,319,279,320,297,0.973
29: 987,209,980,145,1032,140,1039,203,0.945
29: 82,281,43,277,45,259,84,264,0.885
29: 91,290,91,273,137,273,137,290,0.817
30: 229,215,56,147,99,37,273,105,1.0
30: 318,177,247,132,264,104,336,149,0.999
30: 231,216,231,163,273,163,273,216,0.999
30: 259,150,146,70,173,32,286,111,0.998
30: 212,308,212,259,282,259,282,308,0.998
30: 315,238,256,207,274,172,333,203,0.991
30: 148,307,148,251,207,251,207,307,0.979
30: 130,77,130,1,169,1,169,77,0.978
30: 2,313,2,219,212,219,212,313,0.962
30: 94,299,94,224,149,224,149,299,0.875
31: 570,149,418,79,440,29,593,99,0.987
32: 1136,85,1134,63,1244,56,1245,77,0.996
32: 1056,55,1048,27,1122,6,1130,34,0.973
33: 920,591,916,555,1003,547,1007,583,0.999
33: 1001,582,1001,543,1058,543,1058,582,0.815
34: 330,210,324,189,375,174,381,196,0.999
34: 1117,108,1113,90,1156,80,1161,98,0.996
34: 795,276,785,236,1081,165,1091,206,0.907
34: 366,218,362,203,407,190,412,205,0.814
35: 709,247,703,233,729,223,735,237,0.951
35: 279,182,165,94,191,60,305,148,0.906
36: 203,391,203,371,277,371,277,391,0.999
36: 619,243,619,216,785,216,785,243,0.982
36: 932,376,931,357,987,355,988,374,0.94
37: 481,234,369,222,373,192,484,204,1.0
37: 796,298,796,276,878,276,878,298,1.0
37: 412,284,410,259,466,255,468,280,0.643
38: 449,322,449,288,746,288,746,322,1.0
38: 340,184,206,124,219,96,353,155,0.997
38: 203,124,4,44,21,4,220,83,0.963
38: 503,434,469,432,470,419,504,421,0.907
38: 943,298,943,281,1045,281,1045,298,0.806
38: 931,160,930,141,1046,137,1047,157,0.745
38: 975,281,975,266,1033,266,1033,281,0.683
38: 932,176,931,158,1016,153,1017,171,0.555
39: 604,431,512,422,515,389,607,398,1.0
39: 467,133,457,54,804,10,814,88,0.924
40: 363,457,363,431,453,431,453,457,0.999
40: 372,432,372,407,449,407,449,432,0.997
41: 114,245,44,241,46,220,116,225,0.966
41: 239,116,233,26,282,22,288,112,0.863
41: 1,239,1,220,51,220,51,239,0.579
42: 65,407,55,382,173,333,183,357,1.0
42: 309,299,299,276,380,241,390,263,0.993
42: 433,246,425,228,490,201,498,219,0.991
42: 502,218,494,201,577,165,584,182,0.984
42: 879,93,873,69,941,52,947,76,0.948
43: 46,177,42,138,254,117,258,157,0.999
43: 188,214,186,196,256,188,257,206,0.998
43: 236,221,235,206,286,201,288,216,0.967
43: 317,189,315,171,387,163,389,181,0.967
43: 466,126,464,91,543,87,545,122,0.948
43: 821,137,821,90,891,90,891,137,0.827
43: 517,185,517,170,548,170,548,185,0.791
44: 329,158,329,117,495,117,495,158,1.0
45: 337,162,337,92,427,93,427,162,1.0
45: 266,162,266,84,336,85,336,162,1.0
45: 210,240,202,190,369,164,377,214,0.99
45: 242,178,13,170,16,72,246,81,0.876
46: 531,388,531,366,577,366,577,388,1.0
46: 925,277,882,201,1147,51,1190,127,0.991
46: 618,435,618,418,654,418,654,435,0.99
46: 1250,400,1179,398,1180,375,1251,377,0.984
46: 784,417,784,356,805,356,805,417,0.671
46: 578,390,578,367,602,367,602,390,0.594
47: 681,246,673,222,747,198,755,222,0.992
47: 709,265,703,247,750,233,755,251,0.963
47: 671,273,668,256,709,247,713,263,0.883
47: 1044,535,1043,459,1148,456,1150,532,0.799
48: 590,378,590,362,632,362,632,378,1.0
48: 378,284,378,239,520,239,520,284,1.0
48: 562,364,562,340,661,340,661,364,1.0
48: 575,343,575,321,649,321,649,343,0.999
48: 614,260,614,234,694,234,694,260,0.998
48: 609,283,609,259,706,259,706,283,0.998
48: 805,269,778,269,778,258,805,258,0.917
48: 780,283,780,269,815,269,815,283,0.647
48: 901,258,878,258,878,247,901,247,0.629
48: 840,296,840,283,882,283,882,296,0.581
48: 544,368,459,346,466,320,551,342,0.528
49: 1017,478,1017,378,1248,378,1248,478,0.999
49: 802,467,802,330,1025,330,1025,467,0.991
49: 809,719,809,443,1252,443,1252,719,0.968
49: 700,454,590,430,600,382,711,406,0.967
50: 566,175,566,146,623,146,623,175,1.0
50: 569,199,569,174,625,174,625,199,0.999
50: 634,295,578,283,584,256,639,267,0.997
50: 629,267,585,260,588,239,632,245,0.996
50: 738,179,738,164,757,164,757,179,0.985
50: 737,220,737,205,759,205,759,220,0.979
50: 736,161,735,145,758,143,759,159,0.966
50: 619,306,589,303,591,285,621,289,0.93
50: 704,162,703,148,734,146,735,160,0.918
50: 717,179,717,165,740,165,740,179,0.842
50: 517,196,484,196,484,166,517,166,0.811
50: 701,219,701,203,737,203,737,219,0.788
51: 759,261,759,71,925,71,925,261,0.907
52: 378,514,369,487,422,469,431,496,1.0
52: 427,493,418,469,483,445,492,469,0.999
52: 532,446,525,429,587,406,593,423,0.99
52: 687,374,682,358,749,337,754,353,0.924
52: 571,498,537,473,554,451,588,475,0.791
53: 1075,179,945,166,948,136,1078,149,0.999
53: 949,147,842,140,845,93,952,100,0.997
53: 1065,150,949,141,951,110,1067,119,0.997
53: 845,143,774,129,782,87,854,101,0.995
53: 1177,173,1058,154,1064,121,1182,140,0.992
54: 863,261,778,254,780,236,864,243,0.982
55: 1001,398,817,396,818,362,1002,363,0.997
56: 1156,192,1155,162,1266,159,1267,189,0.999
56: 1146,162,1144,132,1278,124,1279,155,0.999
56: 436,34,432,20,469,9,473,24,0.912
56: 400,45,395,30,436,18,440,32,0.704
56: 365,57,360,42,397,29,403,44,0.532
57: 1077,222,1060,162,1260,106,1277,166,1.0
57: 726,314,726,283,797,283,797,314,0.999
58: 189,397,157,394,162,313,195,315,0.573
58: 161,492,82,489,83,462,163,465,0.537
59: 187,369,116,367,117,347,188,349,0.999
59: 127,189,127,170,203,170,203,189,0.999
59: 137,145,137,127,203,127,203,145,0.998
59: 129,321,129,302,193,302,193,321,0.998
59: 113,233,113,213,202,213,202,233,0.998
59: 133,278,133,259,197,259,197,278,0.992
59: 71,319,71,301,128,301,128,319,0.927
59: 84,194,82,173,123,170,124,191,0.89
59: 97,149,95,130,137,126,139,145,0.739
59: 83,234,83,214,115,214,115,234,0.591
60: 1074,696,1074,552,1137,552,1137,696,0.999
60: 1067,316,1067,171,1126,171,1126,316,0.979
60: 1072,561,1067,332,1128,331,1133,559,0.958
60: 1067,306,1067,275,1123,275,1123,306,0.521
62: 465,616,456,592,503,575,511,599,1.0
62: 424,690,413,665,477,638,488,663,0.999
62: 441,650,434,628,504,607,511,628,0.999
62: 429,719,420,694,459,681,468,707,0.978
62: 483,692,474,673,502,660,511,680,0.956
62: 458,719,458,690,505,690,505,719,0.913
62: 460,583,455,551,511,544,515,575,0.722
63: 1049,363,967,243,1270,36,1279,155,0.999
64: 424,294,424,267,506,267,506,294,0.997
64: 739,168,725,128,841,89,854,130,0.986
64: 822,136,813,81,931,61,941,116,0.864
65: 573,205,573,176,665,176,665,205,0.999
65: 402,204,402,175,536,175,536,204,0.998
65: 134,304,131,277,222,265,225,292,0.994
65: 150,358,150,322,205,322,205,358,0.978
65: 141,327,138,300,222,291,225,319,0.952
65: 203,351,203,294,226,294,226,351,0.899
65: 977,334,942,332,948,197,984,199,0.79
66: 579,406,579,388,640,388,640,406,0.995
66: 851,279,842,242,953,217,961,253,0.953
67: 508,489,508,452,671,452,671,489,1.0
67: 669,485,669,450,798,450,798,485,1.0
67: 1037,224,1037,184,1117,184,1117,224,1.0
67: 1114,252,1114,225,1189,225,1189,252,0.999
67: 1037,250,1037,224,1089,224,1089,250,0.999
67: 1122,228,1122,187,1203,187,1203,228,0.998
68: 947,561,863,535,877,488,961,513,0.999
68: 739,440,696,437,698,398,741,401,0.999
68: 1050,303,1023,195,1278,133,1279,241,0.996
68: 540,440,520,438,526,364,546,366,0.909
68: 1057,417,1057,380,1113,380,1113,417,0.876
68: 1211,559,1157,550,1160,529,1215,538,0.836
69: 897,407,897,220,949,220,949,407,0.913
69: 820,381,820,228,882,228,882,381,0.902
70: 926,324,924,282,1056,278,1058,320,0.999
71: 528,190,444,170,449,149,533,169,1.0
71: 589,206,525,189,530,170,594,187,0.999
71: 347,262,347,249,384,249,384,262,0.979
72: 267,383,261,355,367,334,372,362,0.999
72: 340,287,333,221,517,203,524,269,0.999
72: 205,371,198,336,300,315,307,350,0.998
72: 306,350,300,316,410,298,416,331,0.969
72: 460,210,460,182,513,182,513,210,0.959
72: 326,227,326,109,514,109,514,227,0.574
72: 494,45,320,39,321,18,495,24,0.569
73: 266,371,266,334,341,334,341,371,1.0
73: 351,416,349,400,397,393,399,409,0.985
73: 274,426,272,404,308,402,310,423,0.981
73: 1158,353,1093,345,1096,324,1160,332,0.964
73: 290,440,287,422,323,417,326,435,0.939
73: 72,483,48,480,55,427,79,430,0.937
73: 320,337,320,319,342,319,342,337,0.778
73: 304,420,304,401,342,401,342,420,0.777
74: 255,190,255,170,298,170,298,190,0.998
74: 522,122,522,51,723,51,723,122,0.997
74: 205,291,205,238,288,238,288,291,0.97
74: 1198,271,1198,245,1278,245,1278,271,0.939
74: 1118,309,1118,277,1225,277,1225,309,0.816
75: 1001,358,960,250,1225,150,1266,258,0.999
76: 394,147,101,106,115,7,408,48,0.962
76: 979,279,979,263,1026,263,1026,279,0.613
77: 407,457,286,453,287,420,408,424,0.999
77: 786,476,699,473,701,438,788,441,0.994
77: 200,220,200,195,305,195,305,220,0.994
77: 306,223,306,194,458,194,458,223,0.969
77: 514,122,513,70,1181,58,1182,111,0.696
77: 592,295,592,278,656,278,656,295,0.539
78: 1092,139,1092,121,1160,121,1160,139,0.999
78: 1054,138,1054,116,1090,116,1090,138,0.999
78: 1130,119,1070,116,1071,97,1131,100,0.998
78: 1164,141,1164,119,1190,119,1190,141,0.99
78: 1134,119,1134,100,1158,100,1158,119,0.804
79: 47,644,26,571,355,478,376,550,0.997
79: 155,653,143,614,250,582,262,621,0.765
79: 194,692,183,668,240,641,251,666,0.689
80: 349,86,348,62,441,59,442,83,1.0
80: 658,71,657,48,744,46,745,69,1.0
81: 1,36,1,5,182,5,182,36,0.999
81: 1026,295,1019,263,1067,253,1073,285,0.982
81: 1278,47,1176,38,1179,9,1279,18,0.736
81: 560,393,560,341,631,341,631,393,0.561
82: 291,249,291,231,381,231,381,249,1.0
82: 259,247,259,231,290,231,290,247,0.999
82: 286,232,286,217,324,217,324,232,0.998
82: 348,234,348,217,377,217,377,234,0.99
82: 262,232,262,214,285,214,285,232,0.821
83: 718,157,718,131,759,131,759,157,1.0
83: 1027,337,1027,308,1096,308,1096,337,0.992
83: 479,126,433,87,448,69,494,108,0.674
84: 264,247,262,221,329,216,331,243,0.999
84: 556,158,555,142,584,140,585,156,0.995
84: 606,154,606,139,636,139,636,154,0.991
84: 679,148,678,132,738,129,739,146,0.972
84: 638,154,637,137,676,135,677,152,0.736
85: 586,305,500,299,503,266,588,272,1.0
85: 697,316,587,310,589,276,699,283,0.998
85: 436,291,352,283,355,250,439,259,0.997
85: 263,275,191,266,195,229,267,238,0.984
85: 858,333,758,323,761,291,861,301,0.968
85: 1221,348,1184,345,1186,321,1223,324,0.937
86: 470,99,467,21,678,12,681,90,0.997
86: 288,527,288,505,356,505,356,527,0.976
86: 351,528,351,503,406,503,406,528,0.895
86: 150,119,149,41,315,38,316,116,0.839
86: 71,96,70,80,136,75,137,91,0.595
86: 186,523,186,499,227,499,227,523,0.541
87: 250,431,246,403,340,391,343,420,0.999
87: 477,412,473,385,588,367,593,394,0.998
87: 330,84,330,62,391,62,391,84,0.996
87: 384,415,381,394,440,385,443,406,0.995
87: 270,448,268,428,330,422,331,442,0.989
87: 248,517,244,494,396,468,400,491,0.95
87: 500,476,493,447,571,429,578,458,0.937
87: 619,444,616,426,714,413,717,430,0.916
87: 729,411,727,395,771,388,773,405,0.773
88: 1127,281,1127,257,1232,257,1232,281,0.999
88: 1105,440,1105,413,1278,413,1278,440,0.997
88: 1112,303,1111,280,1205,277,1206,301,0.994
88: 924,673,911,277,1007,274,1020,670,0.93
88: 1165,375,1165,361,1202,361,1202,375,0.862
88: 1189,301,1189,278,1253,278,1253,301,0.659
89: 559,78,559,51,605,51,605,78,0.999
89: 748,289,748,238,824,238,824,289,0.996
90: 713,186,709,157,794,144,798,173,0.968
90: 29,234,26,209,179,191,182,216,0.962
90: 852,272,829,64,899,56,922,264,0.92
91: 1057,493,1057,406,1204,406,1204,493,0.992
92: 12,344,7,282,225,264,230,326,1.0
92: 947,327,936,284,1150,229,1161,272,0.999
92: 272,315,268,270,407,258,410,304,0.993
92: 1153,605,1153,581,1206,581,1206,605,0.543
93: 275,584,275,503,410,503,410,584,1.0
94: 904,180,901,145,1045,133,1048,168,1.0
94: 824,157,820,123,954,109,957,143,0.996
94: 1204,719,1138,575,1172,560,1238,709,0.781
95: 17,312,16,231,326,229,327,309,0.837
96: 299,445,165,434,170,377,304,388,1.0
97: 815,442,682,423,689,375,822,394,0.997
97: 610,365,578,278,602,269,634,356,0.977
97: 551,336,535,318,584,276,600,295,0.808
98: 453,225,452,207,542,200,544,218,0.998
98: 456,198,454,165,528,161,529,194,0.997
99: 532,370,523,278,626,268,635,360,0.87
100: 419,279,415,250,477,241,482,270,0.999
100: 356,262,350,232,446,215,451,245,0.994
100: 485,266,485,239,527,239,527,266,0.993
100: 360,290,357,258,413,253,416,285,0.987
100: 380,337,373,310,427,297,433,324,0.839
101: 1014,336,1014,313,1111,313,1111,336,0.999
102: 1026,378,1010,309,1261,251,1277,320,1.0
103: 687,285,687,264,724,264,724,285,1.0
103: 724,283,724,262,803,262,803,283,0.999
103: 689,308,689,285,735,285,735,308,0.991
103: 224,328,223,292,339,290,340,326,0.989
103: 727,306,727,283,779,283,779,306,0.575
104: 449,267,449,207,527,207,527,267,1.0
104: 552,253,552,216,596,216,596,253,0.991
104: 1182,105,1172,72,1236,51,1246,84,0.946
104: 643,154,643,141,692,141,692,154,0.872
104: 470,319,464,288,508,280,514,310,0.628
105: 98,67,98,19,281,20,281,67,0.999
105: 3,24,3,1,223,1,223,24,0.887
106: 108,301,108,275,174,275,174,301,1.0
106: 393,334,293,318,298,291,397,307,1.0
106: 307,292,240,279,246,250,313,263,0.999
106: 45,272,45,243,183,243,183,272,0.999
106: 389,307,329,295,334,269,394,281,0.999
106: 44,300,44,272,109,272,109,300,0.999
106: 293,320,240,311,245,284,297,293,0.998
106: 350,217,264,191,270,171,356,197,0.957
107: 920,401,916,381,984,368,988,389,1.0
107: 958,445,901,441,903,422,960,426,0.986
107: 995,449,955,444,957,427,997,431,0.954
107: 920,382,917,364,980,353,983,371,0.912
108: 190,179,108,169,111,147,193,157,1.0
108: 286,647,279,625,325,611,332,633,0.73
108: 150,101,87,92,90,76,152,85,0.646
109: 1059,343,1054,311,1176,292,1181,324,1.0
109: 1087,305,1081,271,1164,255,1170,288,0.999
109: 1013,319,1008,292,1060,283,1065,309,0.999
109: 1016,347,1012,322,1059,315,1063,341,0.999
109: 225,384,225,351,297,351,297,384,0.999
109: 137,389,137,351,224,351,224,389,0.984
109: 1014,235,1006,214,1081,183,1090,204,0.767
110: 1011,180,990,154,1136,41,1156,68,0.999
110: 965,201,952,181,997,152,1009,172,0.998
110: 922,233,908,215,955,178,970,197,0.995
111: 787,335,787,300,905,300,905,335,1.0
111: 787,366,787,336,867,336,867,366,1.0
111: 787,299,787,282,819,282,819,299,0.999
111: 873,299,873,285,902,285,902,299,0.999
111: 854,467,854,452,903,452,903,467,0.997
111: 820,299,820,284,874,284,874,299,0.995
111: 636,169,636,153,661,153,661,169,0.993
111: 665,171,665,155,697,155,697,171,0.992
111: 722,156,697,154,698,138,723,140,0.992
111: 667,153,667,137,693,137,693,153,0.992
111: 699,99,658,96,659,80,700,83,0.989
112: 517,341,511,277,535,275,541,339,0.995
112: 1216,168,1213,148,1275,139,1278,159,0.993
112: 1223,180,1221,164,1273,156,1275,172,0.99
112: 218,350,202,274,282,257,298,333,0.98
112: 513,283,499,201,521,198,535,279,0.968
112: 463,302,463,188,496,188,496,302,0.949
112: 670,272,658,190,672,188,684,270,0.943
112: 679,280,673,210,687,209,693,278,0.888
112: 1,397,1,311,128,311,128,397,0.848
112: 482,307,482,200,518,200,518,307,0.826
113: 1030,313,1030,234,1187,234,1187,313,0.999
114: 968,480,968,419,1117,419,1117,480,1.0
114: 672,537,636,536,639,353,675,354,0.993
115: 182,322,182,295,248,295,248,322,0.999
115: 175,286,175,268,245,268,245,286,0.998
115: 52,295,40,254,102,236,114,277,0.997
115: 152,239,152,225,218,225,218,239,0.995
115: 153,271,152,253,251,251,252,268,0.991
115: 218,238,218,224,264,224,264,238,0.989
115: 155,254,155,239,194,239,194,254,0.983
115: 196,254,196,240,233,240,233,254,0.888
115: 560,340,558,319,608,313,610,334,0.853
115: 557,320,555,299,606,292,609,313,0.842
115: 533,255,526,227,623,203,630,231,0.737
115: 555,300,552,281,602,274,604,294,0.706
115: 264,253,235,253,235,239,264,239,0.691
115: 183,348,181,322,254,317,256,342,0.522
116: 1029,434,1029,404,1207,404,1207,434,1.0
116: 733,238,733,200,900,200,900,238,1.0
116: 1025,408,1025,346,1208,346,1208,408,0.999
116: 804,255,804,243,856,243,856,255,0.984
116: 1020,178,1020,163,1057,163,1057,178,0.962
116: 808,312,784,312,784,301,808,301,0.955
116: 870,331,870,317,923,317,923,331,0.938
116: 853,257,853,242,907,242,907,257,0.937
116: 797,333,797,318,851,318,851,333,0.936
116: 356,441,356,427,387,427,387,441,0.925
116: 938,311,938,254,969,254,969,311,0.89
116: 266,278,181,267,186,232,271,243,0.848
116: 102,291,102,268,138,268,138,291,0.809
116: 850,333,850,319,873,319,873,333,0.736
116: 435,335,435,297,486,297,486,335,0.64
116: 34,286,34,264,81,264,81,286,0.625
116: 759,194,759,182,791,182,791,194,0.622
116: 1018,614,1018,433,1279,433,1279,614,0.613
116: 847,312,815,312,815,301,847,301,0.582
116: 1041,191,1041,177,1072,177,1072,191,0.539
116: 346,639,152,636,153,613,347,616,0.525
117: 664,291,664,252,723,252,723,291,0.999
117: 802,261,655,259,656,177,803,180,0.998
117: 1024,99,1024,51,1236,51,1236,99,0.995
117: 778,302,718,294,723,257,783,264,0.992
117: 706,317,664,312,667,284,709,289,0.873
118: 758,197,725,154,881,38,913,82,1.0
118: 128,63,43,31,51,11,136,43,0.999
118: 699,464,699,436,748,436,748,464,0.99
118: 809,489,808,442,904,439,905,487,0.951
119: 368,141,351,106,461,53,478,87,1.0
120: 249,198,217,180,229,158,262,177,0.952
120: 284,216,241,193,253,172,296,196,0.893
120: 1154,305,1151,274,1235,267,1238,298,0.525
121: 90,232,89,179,210,177,211,230,0.999
121: 22,256,17,214,88,205,93,247,0.979
121: 12,218,8,179,80,171,84,210,0.956
122: 545,230,480,222,482,201,548,208,1.0
122: 602,236,546,229,549,209,605,216,1.0
122: 1009,360,997,301,1274,246,1279,304,0.999
122: 283,202,227,194,230,169,286,177,0.999
122: 230,192,180,190,181,165,232,167,0.931
122: 579,472,579,448,627,448,627,472,0.713
122: 180,190,126,183,130,157,183,164,0.703
122: 653,242,604,236,606,216,656,222,0.545
123: 751,666,751,649,833,649,833,666,0.996
123: 402,664,402,646,456,646,456,664,0.974
123: 827,664,827,642,892,642,892,664,0.943
123: 772,651,772,639,811,639,811,651,0.855
123: 842,706,842,686,880,686,880,706,0.815
123: 768,631,768,612,820,612,820,631,0.783
123: 186,579,186,489,414,489,414,579,0.544
124: 745,151,739,86,834,77,840,142,0.974
125: 31,531,27,279,103,277,108,529,0.838
126: 499,317,497,293,552,289,554,313,0.998
127: 165,157,38,94,54,63,180,126,0.999
127: 425,333,425,316,449,316,449,333,0.597
128: 572,282,570,256,652,249,654,275,0.998
128: 642,316,642,292,691,292,691,316,0.997
128: 657,250,657,226,711,226,711,250,0.997
128: 656,274,656,248,720,248,720,274,0.996
128: 600,235,598,210,675,205,677,229,0.994
128: 603,298,603,276,643,276,643,298,0.991
128: 378,180,377,159,445,156,446,178,0.991
128: 575,256,574,233,656,231,657,254,0.99
128: 643,295,641,275,713,271,714,292,0.984
128: 340,182,340,160,379,160,379,182,0.909
128: 287,184,287,163,337,163,337,184,0.898
128: 606,317,606,297,642,297,642,317,0.849
128: 605,529,605,503,733,503,733,529,0.617
129: 197,124,186,70,290,49,301,102,1.0
130: 622,530,510,483,524,451,636,498,1.0
131: 1144,124,1139,102,1172,93,1178,115,0.998
131: 96,442,91,411,184,396,189,428,0.997
131: 1198,196,1191,161,1261,147,1268,182,0.995
131: 954,337,942,287,1124,243,1136,294,0.994
131: 91,254,84,238,124,220,131,235,0.944
131: 1251,185,1251,145,1278,145,1278,185,0.916
131: 49,271,43,256,88,236,95,251,0.826
132: 245,270,245,249,281,249,281,270,1.0
132: 340,196,340,176,419,176,419,196,0.999
132: 579,142,432,97,443,59,591,103,0.982
132: 215,281,215,167,241,167,241,281,0.981
132: 778,195,752,186,758,169,784,178,0.932
132: 704,159,664,142,673,121,713,137,0.884
132: 422,195,422,174,472,174,472,195,0.867
132: 593,146,535,129,544,97,603,114,0.867
132: 246,146,206,142,208,122,248,126,0.706
133: 179,182,175,161,251,147,255,168,0.998
133: 273,165,269,143,364,126,368,148,0.959
134: 410,365,404,327,523,307,529,345,0.999
134: 642,45,642,25,723,25,723,45,0.865
135: 394,219,267,200,273,164,400,183,1.0
136: 110,405,98,390,151,348,163,362,0.998
136: 154,366,145,353,174,333,183,345,0.977
136: 179,346,172,333,197,317,205,330,0.957
136: 41,421,9,316,198,259,230,363,0.839
136: 112,610,90,588,147,531,169,553,0.625
137: 636,187,630,158,749,133,755,162,1.0
137: 645,160,638,130,732,111,739,142,1.0
138: 349,110,203,76,215,28,361,62,0.992
139: 179,133,177,104,353,93,355,122,0.999
139: 1059,60,1051,27,1118,11,1126,45,0.995
139: 15,147,14,108,171,105,172,144,0.993
140: 361,234,1,172,14,95,374,157,0.999
140: 499,221,497,175,739,166,741,213,0.844
141: 890,346,814,341,816,309,893,314,1.0
141: 832,255,781,238,793,199,845,215,0.875
141: 892,265,829,249,839,208,902,225,0.859
142: 594,181,462,165,468,119,599,134,0.999
142: 81,287,79,260,152,255,154,282,0.999
142: 1,93,1,11,126,11,126,93,0.99
143: 127,312,121,218,322,206,328,300,0.998
143: 107,494,99,436,330,406,338,463,0.998
144: 697,192,687,156,821,118,831,153,1.0
144: 836,148,828,119,959,84,967,114,1.0
144: 1017,101,1006,70,1064,51,1075,81,0.998
144: 1076,84,1070,49,1141,37,1147,72,0.997
144: 964,114,957,90,1007,75,1015,99,0.951
145: 686,214,686,193,745,193,745,214,0.998
145: 651,194,651,173,734,173,734,194,0.997
145: 739,190,739,169,773,169,773,190,0.885
146: 445,433,445,374,676,374,676,433,1.0
146: 915,440,699,430,701,383,917,392,0.999
146: 1193,452,1091,445,1095,394,1197,401,0.998
146: 1000,442,1000,390,1091,390,1091,442,0.998
146: 922,439,922,402,995,402,995,439,0.97
147: 62,537,47,504,113,474,128,508,0.996
147: 21,503,8,463,79,440,92,480,0.995
148: 404,387,158,351,169,271,415,307,1.0
149: 1052,217,769,215,770,138,1053,140,1.0
149: 956,251,848,242,851,212,959,221,1.0
149: 1052,259,956,253,958,221,1054,227,1.0
149: 793,239,793,214,843,214,843,239,0.999
149: 793,237,756,234,758,211,795,214,0.758
150: 864,150,862,113,958,107,961,143,0.995
150: 852,122,847,83,969,69,973,108,0.975
151: 371,75,295,71,296,49,373,53,0.999
151: 516,106,448,104,449,82,517,84,0.997
151: 374,78,374,56,413,56,413,78,0.993
152: 498,232,498,211,540,211,540,232,0.997
152: 540,232,540,210,623,210,623,232,0.995
152: 496,210,496,191,570,191,570,210,0.995
152: 527,253,527,231,566,231,566,253,0.993
152: 603,204,603,187,660,187,660,204,0.968
152: 531,159,531,139,566,139,566,159,0.967
152: 496,188,496,168,557,168,557,188,0.965
152: 669,203,669,187,704,187,704,203,0.956
152: 625,239,625,202,702,202,702,239,0.945
152: 600,272,600,250,671,250,671,272,0.875
152: 528,274,528,251,567,251,567,274,0.631
152: 1033,210,1033,187,1125,187,1125,210,0.578
153: 899,113,895,81,999,69,1002,101,0.999
153: 860,90,856,58,964,44,968,76,0.998
153: 966,75,963,43,1039,35,1042,67,0.987
153: 198,180,38,170,41,128,201,138,0.693
154: 147,139,142,110,193,102,198,132,1.0
154: 198,132,197,100,331,95,332,127,0.999
154: 239,215,237,186,341,178,343,207,0.997
154: 267,241,264,211,333,206,336,235,0.996
154: 172,164,171,135,258,132,259,161,0.995
154: 337,230,337,205,400,205,400,230,0.966
154: 340,201,340,178,397,178,397,201,0.817
154: 299,154,299,128,394,128,394,154,0.76
154: 393,129,329,124,331,98,396,104,0.628
155: 267,308,261,283,354,262,360,287,0.994
155: 638,163,567,160,568,146,639,148,0.582
156: 402,497,395,465,537,436,544,468,0.999
157: 627,242,627,218,702,218,702,242,0.999
159: 68,637,45,482,348,436,372,592,0.863
160: 1142,43,1141,26,1230,22,1231,39,0.997
160: 1049,48,1048,31,1138,27,1139,44,0.994
161: 524,170,401,141,407,115,530,143,0.999
161: 404,149,178,102,187,58,413,105,0.999
161: 553,171,523,167,526,147,556,152,0.986
161: 171,105,49,85,59,26,181,47,0.641
162: 673,183,670,125,864,117,867,175,0.998
162: 864,179,862,109,1033,105,1035,174,0.997
162: 1062,174,1060,130,1192,126,1194,169,0.938
163: 910,616,895,564,1036,522,1052,573,0.999
163: 859,574,848,522,955,499,966,551,0.96
163: 960,545,947,498,1037,472,1050,519,0.908
163: 970,622,962,599,1034,576,1041,599,0.871
164: 354,178,349,161,398,147,403,164,0.986
165: 969,85,964,55,1032,43,1037,73,0.999
165: 905,96,900,68,963,56,969,83,0.999
165: 631,140,629,124,658,119,661,135,0.996
165: 626,159,624,145,662,139,665,153,0.983
165: 631,106,629,85,659,81,662,102,0.964
165: 599,163,597,149,626,144,628,159,0.924
165: 661,154,660,137,682,135,684,152,0.896
165: 862,104,857,72,900,66,905,97,0.779
165: 609,145,607,126,632,124,634,143,0.695
166: 371,256,369,207,476,202,478,252,1.0
166: 339,420,331,365,532,337,540,392,0.999
166: 356,301,352,255,501,242,505,288,0.999
167: 523,101,521,65,673,61,674,96,0.984
167: 669,92,667,50,784,45,786,87,0.964
167: 936,152,936,136,956,136,956,152,0.528
168: 376,270,376,253,412,253,412,270,1.0
168: 323,273,323,253,376,253,376,273,1.0
168: 578,266,576,239,616,236,618,263,0.873
169: 242,252,242,236,289,236,289,252,0.999
169: 568,248,568,226,608,226,608,248,0.999
169: 908,241,907,223,968,218,970,237,0.997
169: 195,202,195,158,295,158,295,202,0.991
169: 827,240,827,223,852,223,852,240,0.99
169: 218,238,218,221,288,221,288,238,0.974
169: 257,403,256,389,285,387,286,401,0.967
169: 217,405,217,391,252,391,252,405,0.96
169: 230,419,230,404,258,404,258,419,0.932
169: 207,249,207,237,242,237,242,249,0.874
169: 259,418,257,403,285,400,287,415,0.818
169: 240,389,240,375,263,375,263,389,0.767
169: 638,248,638,226,661,226,661,248,0.756
170: 865,53,865,24,921,24,921,53,1.0
170: 390,71,390,49,445,49,445,71,1.0
170: 658,40,656,22,751,16,752,34,0.999
170: 366,37,365,18,436,16,437,35,0.999
170: 443,71,442,46,497,44,498,68,0.998
170: 602,60,602,42,637,42,637,60,0.998
170: 599,43,599,24,645,24,645,43,0.998
170: 599,26,599,7,641,7,641,26,0.997
170: 365,55,364,36,467,31,468,50,0.996
170: 455,34,455,13,513,13,513,34,0.994
170: 641,25,640,4,711,1,712,22,0.992
170: 637,58,637,41,692,41,692,58,0.98
170: 802,502,802,368,1025,368,1025,502,0.781
170: 370,102,370,71,398,71,398,102,0.545
171: 679,130,679,14,747,14,747,130,0.981
171: 1,110,1,40,49,40,49,110,0.958
171: 45,150,45,21,125,21,125,150,0.925
172: 1130,134,1129,77,1246,74,1248,131,0.998
172: 945,157,937,105,1052,87,1060,139,0.996
172: 582,125,579,104,616,100,619,121,0.988
172: 643,119,638,96,689,85,694,109,0.982
172: 398,157,394,130,445,124,448,150,0.977
172: 346,163,343,141,392,133,395,155,0.976
172: 534,133,531,111,582,103,585,125,0.96
172: 953,89,953,1,1145,1,1145,89,0.939
173: 1102,221,1006,219,1008,173,1103,176,0.999
173: 1035,155,1032,114,1105,110,1108,151,0.997
173: 1137,149,1137,114,1184,114,1184,149,0.995
173: 1174,207,1171,166,1239,160,1243,201,0.985
173: 1103,215,1098,174,1172,165,1177,207,0.984
173: 1225,87,1149,87,1149,65,1225,65,0.97
173: 1179,143,1179,114,1230,114,1230,143,0.914
173: 1177,107,1177,85,1228,85,1228,107,0.903
173: 1175,165,1175,142,1236,142,1236,165,0.788
174: 437,170,437,150,488,150,488,170,0.998
174: 499,203,499,184,555,184,555,203,0.998
174: 262,219,262,196,324,196,324,219,0.997
174: 449,207,448,188,488,186,489,205,0.996
174: 205,221,205,200,262,200,262,221,0.994
174: 351,172,351,151,407,151,407,172,0.987
174: 202,201,202,186,260,186,260,201,0.927
174: 297,173,297,154,335,154,335,173,0.876
174: 793,370,793,337,839,337,839,370,0.737
175: 659,243,659,203,768,203,768,243,0.98
175: 310,100,310,82,365,82,365,100,0.784
176: 555,39,551,9,614,1,617,32,0.999
176: 500,213,493,172,547,163,554,204,0.793
176: 451,220,444,182,501,173,507,211,0.777
177: 176,372,176,331,252,331,252,372,0.994
177: 268,406,268,391,310,391,310,406,0.993
177: 241,406,241,392,266,392,266,406,0.98
177: 215,407,215,391,242,391,242,407,0.76
177: 731,228,727,188,798,180,802,219,0.576
177: 312,380,312,362,344,362,344,380,0.569
178: 1020,380,901,376,902,347,1021,351,1.0
178: 1105,383,1021,379,1023,352,1106,357,1.0
178: 1153,473,1153,452,1277,452,1277,473,1.0
178: 886,439,886,381,1263,381,1263,439,0.998
178: 873,38,873,1,979,1,979,38,0.894
178: 680,126,680,75,693,75,693,126,0.81
178: 633,30,633,1,870,1,870,30,0.642
179: 1162,254,1146,199,1275,162,1279,217,0.999
179: 1203,273,1199,251,1262,241,1265,263,0.998
180: 194,429,108,424,127,102,213,107,0.986
180: 282,368,276,343,342,328,347,353,0.984
181: 967,114,950,73,1063,25,1080,66,0.975
181: 39,307,39,236,158,236,158,307,0.92
182: 1068,182,1066,119,1258,114,1260,177,0.978
183: 950,72,950,2,1080,2,1080,72,1.0
183: 1082,70,1082,1,1197,1,1197,70,0.951
184: 238,187,162,154,178,118,254,151,0.999
184: 174,163,73,119,93,74,194,118,0.999
184: 745,188,724,161,816,89,838,117,0.996
185: 226,155,43,89,60,42,243,109,1.0
185: 81,306,80,284,160,281,161,303,0.945
186: 209,387,209,374,231,374,231,387,0.997
186: 339,208,337,195,408,187,410,201,0.954
186: 166,405,164,392,218,384,220,398,0.886
187: 516,102,490,61,586,1,612,42,0.96
187: 366,201,353,179,409,147,422,170,0.758
188: 251,163,131,124,141,94,261,133,0.999
188: 135,131,50,101,63,64,148,94,0.994
188: 319,185,246,161,255,133,328,157,0.993
188: 752,244,752,226,807,226,807,244,0.916
190: 784,98,762,25,831,4,853,78,0.992
190: 1016,299,1016,280,1086,280,1086,299,0.827
190: 854,65,845,49,875,34,884,50,0.794
190: 881,51,872,33,910,15,919,33,0.785
191: 1186,253,1183,221,1239,216,1242,248,0.998
191: 33,199,31,172,94,167,96,194,0.998
191: 253,206,177,185,187,148,263,168,0.992
191: 581,325,579,299,651,295,653,320,0.985
191: 517,232,515,205,574,200,576,227,0.953
191: 571,226,571,198,643,198,643,226,0.937
191: 526,330,524,308,570,303,572,325,0.907
191: 1200,361,1200,329,1256,329,1256,361,0.767
191: 32,274,31,252,93,249,94,270,0.723
191: 1032,140,985,101,1058,12,1106,51,0.68
191: 1099,208,1099,186,1131,186,1131,208,0.593
192: 351,465,336,432,414,398,429,431,0.978
193: 58,301,53,271,104,263,109,293,0.999
193: 349,297,347,282,397,273,399,289,0.997
193: 416,288,414,273,469,265,471,280,0.997
193: 261,368,255,351,296,336,303,353,0.994
193: 15,408,10,396,66,376,71,388,0.958
193: 175,31,170,8,201,2,205,25,0.952
193: 110,62,102,40,169,14,178,36,0.941
193: 1065,162,1062,144,1105,137,1108,155,0.924
194: 216,203,20,175,32,92,228,120,1.0
194: 841,182,838,164,890,155,893,172,0.99
194: 450,266,448,255,480,251,482,261,0.983
194: 424,308,420,282,454,276,458,302,0.974
194: 338,309,314,298,343,235,367,246,0.911
194: 597,171,597,152,626,152,626,171,0.582
195: 1208,499,1156,490,1159,473,1211,482,0.967
196: 95,91,60,80,65,67,99,78,0.995
196: 155,27,117,14,121,1,159,13,0.953
196: 268,133,222,117,228,98,274,114,0.941
196: 122,97,94,89,98,76,126,84,0.83
196: 115,107,39,87,42,74,119,94,0.677
197: 715,176,599,173,600,144,716,147,1.0
197: 696,152,618,148,620,119,698,123,1.0
199: 751,262,739,217,1005,148,1017,194,1.0
199: 652,285,642,249,745,220,755,256,1.0
200: 951,312,951,291,983,291,983,312,1.0
200: 982,316,982,290,1036,290,1036,316,1.0
200: 1020,418,953,404,959,377,1026,391,0.999
200: 1004,452,937,433,945,406,1012,425,0.999
200: 1277,506,1205,488,1211,465,1279,484,0.999
200: 989,284,989,261,1025,261,1025,284,0.999
200: 1277,368,1202,362,1206,317,1279,324,0.998
200: 1276,469,1199,454,1207,409,1279,424,0.998
200: 1278,420,1204,412,1208,372,1279,381,0.992
200: 960,285,960,262,988,262,988,285,0.968
201: 964,202,948,161,1118,92,1134,132,0.999
201: 1065,276,1065,254,1184,254,1184,276,0.999
201: 474,180,417,176,418,159,475,162,0.958
201: 376,198,295,195,296,174,377,177,0.834
201: 520,209,408,206,409,177,521,181,0.826
201: 419,176,328,171,329,151,420,156,0.792
202: 139,324,137,290,331,280,333,314,1.0
202: 339,310,338,273,441,270,442,307,0.999
202: 177,121,177,102,273,102,273,121,0.996
202: 997,337,986,253,1241,219,1252,303,0.99
202: 171,110,171,60,274,60,274,110,0.987
203: 1024,162,1021,122,1211,108,1214,148,1.0
203: 425,225,422,170,639,160,641,215,0.998
204: 486,317,168,290,173,240,490,266,0.998
204: 407,474,407,459,470,459,470,474,0.979
204: 1067,576,1067,396,1091,396,1091,576,0.831
204: 98,442,21,439,22,419,99,422,0.534
205: 595,480,594,451,702,447,703,476,0.996
205: 454,241,454,178,576,178,576,241,0.756
206: 1219,302,1015,298,1016,253,1220,257,1.0
206: 494,146,490,122,550,111,554,135,0.994
206: 480,23,480,1,539,1,539,23,0.97
206: 871,58,863,38,915,17,923,37,0.569
207: 168,171,168,146,263,146,263,171,0.999
207: 144,30,103,25,106,5,147,10,0.995
207: 262,174,261,146,453,139,454,166,0.964
208: 359,119,206,81,219,29,372,67,0.999
208: 559,171,523,164,527,147,563,154,0.697
209: 1098,114,1083,86,1167,44,1182,72,0.993
209: 862,418,862,322,890,322,890,418,0.961
210: 732,378,675,376,676,356,733,358,0.997
210: 775,360,621,352,623,326,777,334,0.996
210: 770,719,770,622,808,622,808,719,0.99
211: 381,140,380,126,409,124,410,138,0.998
211: 212,163,210,138,321,129,323,154,0.998
211: 1002,152,1001,136,1061,132,1063,147,0.995
211: 933,190,931,161,1000,156,1002,185,0.989
211: 201,371,163,369,164,348,202,350,0.988
211: 1015,125,1015,110,1047,110,1047,125,0.983
211: 1017,162,1016,149,1047,147,1048,160,0.982
211: 152,276,151,255,208,253,209,274,0.967
211: 323,149,321,132,381,126,383,143,0.962
211: 1025,137,1024,122,1064,120,1065,135,0.955
211: 161,470,161,448,217,448,217,470,0.953
211: 411,136,411,121,433,121,433,136,0.922
211: 1001,140,1000,125,1024,123,1025,138,0.873
211: 434,134,432,120,462,117,464,130,0.81
211: 1216,508,1216,429,1244,429,1244,508,0.636
211: 462,132,462,113,490,113,490,132,0.595
212: 734,74,734,45,786,45,786,74,1.0
212: 396,413,396,247,451,247,451,413,0.648
213: 503,252,501,210,621,204,624,246,1.0
213: 626,246,622,202,746,191,750,235,1.0
213: 631,208,629,185,743,175,745,198,0.999
213: 504,215,502,192,617,186,618,210,0.998
213: 648,191,646,170,714,164,716,185,0.997
213: 106,329,13,324,15,292,108,297,0.997
213: 527,200,525,180,590,174,592,195,0.994
213: 322,317,292,317,292,285,322,285,0.788
214: 607,314,607,292,656,292,656,314,0.997
214: 309,246,169,188,195,124,336,182,0.996
214: 652,310,651,286,703,283,705,308,0.985
215: 737,336,736,299,898,295,899,331,0.921
215: 962,275,962,243,1078,243,1078,275,0.648
216: 677,235,677,210,738,210,738,235,1.0
216: 71,265,71,242,137,242,137,265,0.999
216: 158,213,156,182,331,171,333,202,0.998
217: 356,278,356,233,393,233,393,278,0.998
217: 416,251,331,219,355,154,441,186,0.994
217: 346,544,330,513,392,482,408,513,0.986
217: 391,317,351,311,357,271,396,277,0.97
217: 389,283,389,248,416,248,416,283,0.95
217: 387,316,387,286,419,286,419,316,0.679
218: 791,97,790,79,866,77,867,95,0.999
218: 670,101,669,83,788,80,789,98,0.998
218: 861,261,860,245,911,243,912,259,0.962
218: 802,262,802,246,850,246,850,262,0.954
218: 908,258,908,241,940,241,940,258,0.818
219: 1165,187,1163,157,1277,149,1279,179,1.0
219: 366,133,266,87,284,47,385,94,1.0
219: 229,215,229,178,268,178,268,215,0.91
220: 845,169,845,146,898,146,898,169,0.983
221: 493,164,393,144,398,120,498,141,0.999
221: 563,176,491,163,495,142,567,155,0.998
221: 399,147,334,133,339,107,405,120,0.996
221: 338,134,287,124,292,99,343,109,0.995
221: 903,248,903,231,942,231,942,248,0.944
222: 533,76,533,54,579,54,579,76,0.997
222: 483,77,483,60,530,60,530,77,0.995
222: 477,38,477,16,534,16,534,38,0.99
222: 409,120,409,102,451,102,451,120,0.644
223: 1001,296,828,290,829,255,1003,261,1.0
223: 576,117,541,114,543,98,578,100,0.999
223: 562,141,518,139,519,120,563,122,0.998
223: 831,333,831,321,854,321,854,333,0.967
223: 896,336,896,325,931,325,931,336,0.83
223: 964,342,964,330,1001,330,1001,342,0.78
224: 780,322,780,294,849,294,849,322,0.999
224: 390,719,345,714,348,691,393,696,0.998
224: 857,77,852,59,914,42,919,60,0.996
224: 597,344,592,316,651,306,656,335,0.978
224: 853,345,851,328,908,322,910,339,0.967
224: 464,401,462,382,533,376,535,395,0.822
225: 694,170,690,151,763,135,767,155,0.997
226: 795,295,795,256,880,256,880,295,1.0
226: 734,84,723,59,772,38,783,63,0.999
226: 652,118,652,93,677,93,677,118,0.997
226: 529,219,425,203,431,170,534,187,0.995
226: 797,307,797,291,831,291,831,307,0.983
226: 849,306,849,293,877,293,877,306,0.559
227: 622,161,540,144,545,115,628,132,0.999
227: 1044,152,1041,127,1093,121,1096,145,0.99
228: 383,120,382,84,617,83,618,118,1.0
229: 491,287,491,247,707,247,707,287,0.999
229: 617,175,617,152,669,152,669,175,0.998
229: 520,175,520,153,614,153,614,175,0.998
229: 818,274,818,246,957,246,957,274,0.991
229: 741,276,741,254,812,254,812,276,0.983
229: 674,179,674,153,784,153,784,179,0.978
229: 961,274,961,251,1060,251,1060,274,0.871
230: 1148,154,1148,133,1190,133,1190,154,1.0
231: 1114,108,1114,43,1251,43,1251,108,1.0
231: 594,278,594,260,623,260,623,278,0.981
231: 811,191,811,139,844,139,844,191,0.927
231: 782,206,782,157,810,157,810,206,0.782
231: 448,127,403,18,438,4,483,112,0.613
232: 739,87,736,43,861,35,864,79,1.0
232: 741,48,739,23,856,16,858,41,0.999
232: 764,30,763,6,832,2,834,26,0.994
232: 898,68,898,50,937,50,937,68,0.939
233: 691,614,691,296,977,296,977,614,0.983
233: 986,719,739,653,783,515,1030,594,0.981
234: 307,205,302,181,364,167,369,192,1.0
234: 567,146,561,115,652,97,658,128,0.999
234: 524,159,516,130,560,118,568,147,0.997
234: 278,214,271,192,304,181,311,204,0.989
234: 137,245,132,222,173,213,178,236,0.953
234: 316,586,197,580,199,548,317,554,0.819
235: 560,190,560,171,611,171,611,190,1.0
235: 610,190,610,170,648,170,648,190,0.998
235: 1045,133,1032,103,1079,83,1092,113,0.998
235: 126,195,126,177,166,177,166,195,0.998
235: 648,190,648,170,691,170,691,190,0.998
235: 164,193,164,176,213,176,213,193,0.992
235: 379,213,305,166,335,118,409,165,0.986
235: 926,186,926,168,972,168,972,186,0.929
235: 305,285,305,261,386,261,386,285,0.911
237: 915,413,823,400,834,316,926,329,0.999
237: 849,254,849,181,904,181,904,254,0.995
237: 830,183,830,93,924,93,924,183,0.993
237: 854,343,854,266,952,266,952,343,0.971
237: 55,206,55,137,176,137,176,206,0.88
238: 182,100,122,84,131,48,192,64,0.999
238: 853,428,839,291,883,287,898,423,0.981
238: 173,116,117,95,127,69,183,90,0.97
238: 41,344,35,289,228,265,235,319,0.952
238: 124,95,36,55,56,12,143,52,0.84
239: 221,171,88,142,106,60,239,88,1.0
240: 672,64,672,37,806,37,806,64,1.0
240: 818,162,809,145,876,109,886,127,0.999
240: 673,37,673,7,802,7,802,37,0.999
240: 785,179,777,164,813,147,820,162,0.986
240: 1087,230,1080,199,1188,176,1195,207,0.947
240: 678,100,678,82,774,82,774,100,0.742
241: 831,80,818,55,884,22,896,47,1.0
242: 759,277,758,250,849,247,850,274,0.996
242: 1044,318,1044,216,1195,216,1195,318,0.995
243: 1129,532,885,447,911,375,1154,460,1.0
243: 1105,447,910,422,919,350,1114,375,0.999
243: 1006,321,1006,239,1192,239,1192,321,0.989
243: 149,28,149,1,264,1,264,28,0.9
244: 805,99,803,61,881,58,883,96,1.0
245: 775,135,679,132,680,107,776,110,0.998
246: 52,514,52,484,128,484,128,514,0.998
246: 54,536,54,514,125,514,125,536,0.998
247: 1221,365,1088,338,1095,305,1228,331,1.0
247: 1092,336,1031,324,1036,298,1097,310,0.999
248: 285,158,135,120,143,87,293,124,1.0
249: 108,336,108,286,258,286,258,336,1.0
250: 546,606,470,590,479,542,556,557,0.971
250: 592,526,509,502,519,467,602,491,0.928
250: 518,599,518,568,558,568,558,599,0.707
250: 488,534,468,508,511,476,531,502,0.646
251: 713,144,698,100,804,64,819,107,1.0
251: 704,135,644,97,664,65,724,103,0.998
251: 740,184,652,182,653,161,741,163,0.959
252: 704,269,704,250,764,250,764,269,0.998
252: 709,251,709,235,752,235,752,251,0.998
252: 859,175,859,145,960,145,960,175,0.98
252: 629,131,585,129,586,109,630,111,0.956
252: 701,236,701,215,730,215,730,236,0.929
252: 686,133,632,130,633,114,687,116,0.823
253: 312,146,257,120,268,98,322,124,1.0
253: 406,253,232,200,258,115,431,167,0.999
253: 284,363,280,330,330,324,334,357,0.996
253: 529,261,529,244,583,244,583,261,0.994
253: 308,295,231,290,234,250,310,255,0.993
253: 171,386,166,343,288,327,294,370,0.987
253: 493,262,493,246,532,246,532,262,0.952
253: 325,288,325,262,365,262,365,288,0.934
253: 354,346,354,324,375,324,375,346,0.869
253: 538,499,538,482,574,482,574,499,0.599
254: 241,213,28,153,46,90,259,149,1.0
254: 372,238,291,214,296,194,378,217,0.989
254: 356,213,291,205,294,179,359,187,0.937
254: 376,219,349,210,354,195,381,204,0.76
255: 1276,342,1051,311,1062,229,1279,259,1.0
255: 1267,550,1001,454,1033,365,1279,462,1.0
255: 1021,428,920,389,939,340,1040,379,0.999
255: 750,624,704,603,715,579,761,600,0.832
255: 390,202,372,196,384,159,402,165,0.74
255: 513,161,446,148,451,125,518,138,0.589
256: 554,193,554,166,695,166,695,193,0.999
256: 242,186,242,161,328,161,328,186,0.841
256: 370,190,370,168,442,168,442,190,0.711
257: 652,398,650,377,684,374,686,395,0.991
257: 292,317,292,289,356,289,356,317,0.694
258: 253,350,253,329,301,329,301,350,0.998
258: 200,496,190,465,250,447,259,478,0.992
258: 414,220,414,206,465,206,465,220,0.987
258: 973,167,973,143,1052,143,1052,167,0.961
259: 912,106,903,62,1144,15,1152,60,1.0
259: 429,78,429,56,472,56,472,78,1.0
259: 26,143,26,101,132,101,132,143,0.999
259: 131,137,131,100,211,100,211,137,0.998
259: 798,432,798,387,870,387,870,432,0.527
260: 361,150,335,148,336,134,362,136,1.0
260: 1064,128,1058,93,1223,64,1229,99,0.999
260: 617,189,615,161,721,155,723,183,0.999
260: 131,174,59,171,61,137,133,140,0.996
260: 132,174,132,143,188,143,188,174,0.981
261: 827,244,827,221,877,221,877,244,0.918
262: 299,238,135,230,137,195,301,203,0.805
262: 501,344,428,339,431,303,503,308,0.678
263: 810,134,735,126,737,104,812,111,0.998
263: 538,267,538,249,580,249,580,267,0.995
263: 530,537,530,514,573,514,573,537,0.874
264: 464,262,431,262,431,247,464,247,0.998
264: 465,263,465,247,511,247,511,263,0.998
264: 511,265,511,248,559,248,559,265,0.998
264: 908,446,831,423,842,386,919,410,0.947
265: 507,254,507,224,567,224,567,254,0.99
266: 735,209,729,179,810,161,817,191,0.999
266: 686,219,682,188,733,182,737,213,0.998
267: 726,575,650,544,661,515,738,546,0.997
267: 718,242,718,201,795,201,795,242,0.997
267: 675,251,675,212,717,212,717,251,0.99
267: 783,605,718,573,731,546,796,579,0.98
267: 714,539,655,520,661,501,720,521,0.963
268: 1,252,1,204,128,204,128,252,0.999
268: 847,279,758,273,761,230,850,236,0.999
268: 936,306,845,278,857,240,948,268,0.999
268: 645,437,638,415,719,391,726,412,0.885
269: 884,162,866,90,1149,19,1167,91,1.0
269: 758,200,745,139,868,112,881,172,1.0
269: 710,219,694,180,748,157,765,196,0.988
270: 997,352,997,320,1064,320,1064,352,0.999
270: 995,308,995,281,1059,281,1059,308,0.999
270: 993,282,993,254,1061,254,1061,282,0.994
270: 1013,377,1013,359,1050,359,1050,377,0.783
271: 335,374,335,354,403,354,403,374,1.0
271: 214,378,214,358,283,358,283,378,0.999
271: 277,140,211,129,214,112,280,122,0.966
272: 339,312,339,289,442,289,442,312,0.997
273: 124,218,60,208,65,180,128,189,1.0
273: 120,186,24,169,30,139,126,156,0.999
273: 58,208,12,200,18,170,63,179,0.975
273: 265,348,265,326,314,326,314,348,0.872
273: 320,300,259,297,260,275,321,277,0.743
273: 596,150,421,62,445,13,621,101,0.647
273: 256,325,256,302,323,302,323,325,0.522
274: 102,212,54,203,57,182,106,191,0.999
274: 137,221,100,213,105,190,142,198,0.999
274: 112,263,70,256,74,235,116,242,0.998
274: 373,102,316,51,339,26,396,77,0.984
274: 122,240,94,236,97,216,125,220,0.898
275: 713,177,417,161,419,112,716,129,0.942
275: 409,156,259,149,261,101,411,108,0.794
276: 183,344,1,283,15,240,197,301,1.0
277: 66,103,66,75,127,75,127,103,1.0
278: 331,64,331,35,447,35,447,64,0.998
278: 503,459,483,426,589,360,609,393,0.658
279: 454,483,452,461,511,458,513,480,1.0
279: 470,166,408,164,409,144,471,146,1.0
279: 756,177,756,155,842,155,842,177,1.0
279: 455,495,454,483,484,481,485,493,0.999
279: 325,163,325,143,398,143,398,163,0.999
279: 454,419,454,406,484,406,484,419,0.993
279: 485,493,485,480,511,480,511,493,0.983
279: 457,430,456,417,511,416,512,428,0.893
279: 177,444,177,429,239,429,239,444,0.681
279: 496,458,496,445,511,445,511,458,0.549
280: 614,343,614,319,702,319,702,343,0.994
280: 1023,312,953,310,954,289,1024,290,0.992
281: 1017,394,1010,365,1114,338,1121,367,0.796
282: 496,428,423,425,424,405,497,408,1.0
282: 406,607,406,587,483,587,483,607,0.989
282: 146,371,95,357,107,314,158,327,0.94
283: 675,133,414,124,416,76,677,85,1.0
283: 583,83,583,56,646,56,646,83,0.978
283: 451,80,451,49,522,49,522,80,0.946
284: 996,413,996,381,1150,381,1150,413,1.0
284: 1087,428,1087,414,1146,414,1146,428,0.996
284: 1053,425,1053,415,1086,415,1086,425,0.522
285: 818,110,815,87,873,79,876,102,0.999
285: 1006,80,1003,60,1082,48,1085,68,0.998
285: 771,116,768,97,815,90,818,110,0.997
285: 1198,111,1197,94,1278,90,1279,107,0.995
285: 903,93,901,78,937,73,939,88,0.986
285: 963,86,960,69,1004,61,1007,79,0.98
286: 911,200,897,171,980,131,994,159,0.998
286: 869,221,856,198,902,172,915,195,0.987
287: 1202,238,1202,209,1265,209,1265,238,0.999
287: 1228,247,1202,246,1203,234,1229,236,0.634
288: 105,225,105,206,141,206,141,225,1.0
288: 312,230,213,225,214,199,313,204,0.999
288: 140,223,138,204,189,199,191,218,0.999
288: 322,288,322,272,363,272,363,288,0.998
288: 409,290,364,288,365,274,410,276,0.997
288: 402,241,306,233,308,207,404,215,0.994
288: 603,97,566,94,568,73,605,75,0.983
289: 472,241,432,240,433,223,473,225,0.997
289: 385,239,385,222,432,222,432,239,0.997
289: 620,248,549,246,550,230,621,232,0.996
289: 152,254,152,224,182,224,182,254,0.671
290: 883,82,867,68,915,11,931,25,0.998
290: 89,176,88,155,151,153,152,174,0.997
290: 139,207,139,193,175,193,175,207,0.977
290: 562,255,562,223,654,223,654,255,0.963
290: 95,195,94,182,142,180,143,193,0.958
290: 49,170,47,136,180,131,181,164,0.938
290: 472,268,471,234,556,231,557,265,0.936
290: 65,211,64,196,140,193,141,208,0.824
290: 128,223,128,207,158,207,158,223,0.773
290: 99,224,99,209,129,209,129,224,0.714
291: 753,144,716,91,822,17,859,70,0.998
291: 703,200,671,171,741,95,772,124,0.998
292: 372,52,370,38,420,31,421,45,0.998
292: 83,192,47,182,51,168,87,178,0.994
292: 293,62,291,48,322,45,324,58,0.947
292: 310,70,308,59,332,56,334,66,0.564
293: 347,71,347,56,392,56,392,71,0.999
293: 296,73,296,56,347,56,347,73,0.999
293: 393,71,393,55,452,55,452,71,0.999
293: 785,371,785,354,815,354,815,371,0.984
294: 958,233,958,175,1122,175,1122,233,1.0
294: 1175,376,1054,371,1056,336,1177,341,1.0
294: 763,229,763,169,928,169,928,229,1.0
294: 1157,235,1157,182,1276,182,1276,235,1.0
294: 1178,378,1178,347,1240,347,1240,378,1.0
295: 996,183,984,140,1097,109,1109,152,1.0
295: 989,233,979,186,1132,155,1142,202,1.0
295: 1021,278,1014,229,1154,208,1161,257,1.0
295: 1078,302,1078,276,1133,276,1133,302,0.998
295: 1093,334,1061,334,1061,309,1093,309,0.998
295: 973,280,969,235,1018,231,1022,276,0.997
295: 1092,335,1091,304,1204,301,1205,332,0.997
295: 949,239,940,198,986,189,995,229,0.994
296: 1199,417,1141,409,1145,384,1203,393,1.0
296: 1163,304,1163,273,1253,273,1253,304,0.999
296: 1177,382,1138,377,1141,358,1179,363,0.995
296: 1249,426,1201,421,1204,392,1252,397,0.994
296: 1139,407,1102,400,1105,378,1143,384,0.993
296: 1214,388,1174,382,1177,363,1217,368,0.989
296: 1141,376,1106,371,1109,354,1144,359,0.984
296: 1217,369,1179,363,1181,344,1220,350,0.972
296: 1143,360,1112,356,1114,339,1145,343,0.717
296: 1179,363,1143,360,1145,343,1181,346,0.662
296: 1219,373,1219,351,1250,351,1250,373,0.591
296: 1248,389,1216,387,1217,367,1249,369,0.582
297: 331,216,199,195,203,172,335,193,0.981
297: 318,201,141,167,146,139,323,173,0.98
298: 645,121,623,92,730,14,751,43,1.0
298: 1120,409,1051,402,1054,371,1123,378,0.993
298: 1119,412,1119,385,1163,385,1163,412,0.991
298: 1067,445,1067,405,1111,405,1111,445,0.965
298: 266,155,209,144,212,127,269,139,0.951
298: 1123,475,1123,409,1176,409,1176,475,0.847
298: 973,365,973,298,1048,298,1048,365,0.834
298: 254,139,65,105,71,75,259,110,0.817
298: 972,320,972,272,1043,272,1043,320,0.793
299: 242,158,148,136,152,118,246,139,0.949
299: 1146,298,1145,282,1171,280,1172,296,0.918
299: 160,137,85,124,87,108,163,121,0.744
299: 356,213,333,213,333,203,356,203,0.742
299: 1129,356,1129,286,1255,286,1255,356,0.654
299: 365,201,332,199,333,188,366,189,0.64
300: 138,148,134,111,223,102,227,139,0.991
300: 136,112,136,82,217,82,217,112,0.972
300: 802,80,802,57,834,57,834,80,0.573
301: 305,288,52,250,63,177,316,215,0.998
301: 601,341,601,322,633,322,633,341,0.997
301: 263,297,49,278,52,244,266,262,0.992
301: 389,354,386,322,458,316,461,348,0.975
301: 860,82,855,63,917,50,921,69,0.951
301: 487,433,487,44,548,44,548,433,0.772
301: 245,451,245,411,256,411,256,451,0.553
301: 213,432,211,416,250,409,252,425,0.545
302: 507,143,325,117,333,61,515,86,0.996
302: 652,231,652,1,707,1,707,231,0.992
302: 301,129,221,119,225,87,305,96,0.987
302: 562,191,562,160,627,160,627,191,0.954
302: 761,186,761,166,783,166,783,186,0.937
302: 432,146,309,132,311,109,435,122,0.91
302: 427,259,427,240,463,240,463,259,0.676
303: 276,372,275,346,346,344,347,370,1.0
303: 431,238,193,214,201,141,438,165,0.999
303: 889,276,852,270,856,245,893,251,0.994
303: 708,284,619,279,620,254,710,259,0.991
303: 222,43,166,28,171,7,228,21,0.893
303: 1210,398,1210,362,1279,362,1279,398,0.796
303: 923,297,889,295,890,276,924,278,0.709
304: 1060,379,1060,360,1114,360,1114,379,0.999
304: 1048,254,1048,198,1279,198,1279,254,0.999
305: 1007,300,1002,241,1101,232,1106,291,1.0
305: 499,258,389,254,391,220,501,224,0.959
305: 1070,360,1070,340,1094,340,1094,360,0.577
306: 489,244,443,234,450,203,496,213,0.996
306: 188,225,116,213,120,184,192,196,0.981
306: 528,273,491,273,491,249,528,249,0.957
306: 1031,408,1031,212,1245,212,1245,408,0.87
306: 1031,231,1007,181,1106,133,1130,183,0.617
307: 803,237,705,213,717,164,815,188,1.0
307: 711,213,516,162,530,111,724,162,1.0
307: 353,452,311,450,312,430,354,432,0.72
307: 288,471,288,410,303,410,303,471,0.532
308: 894,303,894,279,946,279,946,303,0.999
308: 841,290,838,265,900,259,902,283,0.998
308: 853,305,853,282,891,282,891,305,0.997
308: 905,283,905,259,941,259,941,283,0.996
308: 805,305,805,282,848,282,848,305,0.991
308: 807,289,807,269,838,269,838,289,0.99
308: 1230,435,1230,398,1248,398,1248,435,0.985
308: 649,214,642,193,694,176,701,197,0.922
308: 1257,418,1257,401,1279,401,1279,418,0.786
309: 427,255,382,243,387,223,433,236,0.799
309: 131,344,129,322,169,319,170,341,0.712
310: 437,194,330,87,372,45,479,152,0.997
311: 640,162,640,101,941,101,941,162,1.0
312: 785,640,664,574,686,533,807,599,1.0
313: 4,176,4,154,48,154,48,176,0.999
313: 629,168,629,116,859,116,859,168,0.993
313: 961,334,948,296,1018,271,1031,309,0.977
314: 74,179,67,144,163,126,170,161,0.999
314: 70,211,64,180,166,159,172,190,0.999
314: 520,221,506,193,553,170,567,197,0.988
314: 694,336,674,298,762,251,782,290,0.947
314: 69,146,64,107,167,94,172,133,0.928
315: 951,69,947,43,1022,32,1026,57,0.97
315: 397,245,194,234,205,30,408,41,0.915
316: 719,173,719,158,759,158,759,173,0.999
316: 1,238,1,221,43,221,43,238,0.992
316: 758,174,758,160,785,160,785,174,0.983
316: 695,253,695,241,730,241,730,253,0.633
317: 98,305,98,285,179,285,179,305,0.996
318: 511,496,511,465,629,465,629,496,0.988
319: 805,359,805,329,957,329,957,359,1.0
319: 632,357,632,334,691,334,691,357,0.998
319: 582,360,582,338,630,338,630,360,0.996
319: 580,418,550,416,551,402,581,403,0.961
319: 736,120,729,96,777,80,785,104,0.819
320: 216,453,216,430,274,430,274,453,1.0
320: 137,455,137,433,217,433,217,455,0.999
320: 769,335,769,310,832,310,832,335,0.997
320: 704,338,704,308,762,308,762,338,0.993
320: 210,486,210,462,262,462,262,486,0.986
320: 151,534,151,503,208,503,208,534,0.985
320: 153,489,153,460,209,460,209,489,0.983
320: 208,529,208,503,260,503,260,529,0.981
320: 349,367,272,355,277,326,353,337,0.921
320: 531,471,531,414,623,414,623,471,0.805
321: 813,171,480,108,493,38,826,100,1.0
321: 1010,328,1010,310,1060,310,1060,328,0.952
321: 452,117,278,89,292,1,466,29,0.947
321: 1058,328,1058,310,1117,310,1117,328,0.901
321: 1020,225,1018,208,1122,200,1123,218,0.878
321: 1017,212,1015,196,1084,190,1085,206,0.875
321: 1007,241,1006,227,1038,225,1039,239,0.767
322: 689,151,689,128,724,128,724,151,1.0
322: 872,305,872,283,926,283,926,305,0.999
322: 846,287,846,262,939,262,939,287,0.994
322: 845,327,845,302,923,302,923,327,0.992
322: 737,264,737,238,781,238,781,264,0.911
322: 871,307,844,307,844,284,871,284,0.83
323: 802,199,511,119,532,43,823,123,0.983
324: 853,306,797,286,810,251,865,271,0.996
324: 806,289,740,267,754,228,819,250,0.99
325: 488,92,488,54,632,54,632,92,1.0
325: 794,96,794,65,930,65,930,96,0.997
325: 582,299,577,275,624,264,629,288,0.993
326: 583,235,574,211,632,190,641,213,1.0
326: 575,182,568,156,633,139,639,166,0.998
326: 580,208,572,179,633,162,641,192,0.997
326: 615,237,611,221,638,214,642,229,0.954
327: 569,366,560,339,625,317,634,344,1.0
327: 1278,108,1159,106,1161,51,1279,53,1.0
327: 1159,102,1020,94,1023,39,1162,47,0.999
327: 564,304,557,280,628,260,634,284,0.998
327: 570,335,561,306,628,286,636,315,0.997
328: 469,168,430,168,430,146,469,146,1.0
328: 326,138,326,107,387,107,387,138,0.999
328: 381,104,325,104,325,79,381,79,0.961
329: 3,314,3,287,139,287,139,314,1.0
329: 482,261,479,235,538,227,542,254,1.0
329: 478,238,474,212,535,201,539,227,0.999
329: 432,315,430,295,475,292,477,312,0.999
329: 681,104,600,35,628,3,708,72,0.999
329: 516,305,514,284,557,282,558,303,0.998
329: 475,311,473,290,515,285,517,306,0.998
329: 240,316,240,300,287,300,287,316,0.987
329: 406,319,404,299,431,296,433,316,0.947
330: 317,299,317,241,425,241,425,299,1.0
330: 468,260,308,232,318,177,478,204,1.0
330: 1147,189,1146,151,1245,148,1246,186,0.999
330: 543,307,453,302,456,260,546,265,0.999
330: 755,224,755,208,777,208,777,224,0.523
331: 338,259,33,177,55,96,360,177,1.0
331: 756,232,755,218,779,216,780,231,1.0
331: 481,324,324,306,330,249,487,266,0.999
331: 679,403,679,386,738,386,738,403,0.998
331: 1193,211,1192,173,1278,171,1279,209,0.995
331: 281,303,40,284,47,198,288,218,0.992
331: 724,417,724,402,760,402,760,417,0.991
331: 682,416,682,401,723,401,723,416,0.991
332: 235,208,231,187,295,175,299,197,0.989
333: 771,394,771,369,816,369,816,394,0.989
333: 820,438,765,422,770,407,824,423,0.954
334: 707,174,707,147,754,147,754,174,1.0
334: 689,150,689,128,727,128,727,150,0.999
334: 729,147,729,128,762,128,762,147,0.998
334: 646,177,646,154,707,154,707,177,0.997
334: 642,154,642,132,692,132,692,154,0.995
335: 153,523,126,483,198,435,225,475,0.993
336: 123,95,123,14,145,14,145,95,0.826
337: 994,587,945,583,947,564,996,568,0.999
337: 970,633,941,630,943,612,972,615,0.978
337: 993,613,949,611,951,587,995,589,0.97
338: 262,517,239,476,316,432,340,474,0.999
338: 430,321,426,290,482,284,485,315,0.993
338: 270,599,244,562,340,497,366,534,0.983
338: 157,499,148,481,203,455,212,474,0.901
339: 574,136,167,112,172,29,579,53,0.997
339: 183,430,183,392,348,392,348,430,0.64
340: 882,264,881,230,1042,224,1043,258,1.0
340: 1040,254,1040,223,1132,223,1132,254,1.0
340: 773,265,773,239,811,239,811,265,0.994
340: 1020,329,1018,310,1084,305,1085,324,0.993
340: 1081,324,1080,306,1123,304,1124,322,0.99
340: 97,304,97,261,246,261,246,304,0.99
340: 731,262,731,236,776,236,776,262,0.964
340: 757,361,757,290,786,290,786,361,0.952
340: 950,390,947,297,975,296,978,389,0.945
340: 681,274,649,274,649,250,681,250,0.871
341: 1079,206,907,201,908,163,1080,168,1.0
341: 685,235,678,207,750,189,757,218,1.0
341: 751,218,744,186,814,171,820,203,1.0
341: 1178,215,1077,207,1080,168,1181,176,0.999
341: 1059,297,1059,276,1129,276,1129,297,0.999
341: 1127,296,1127,278,1170,278,1170,296,0.995
341: 894,268,894,254,952,254,952,268,0.962
341: 975,265,950,265,950,253,975,253,0.912
342: 839,311,835,273,921,264,925,303,1.0
342: 679,335,673,295,751,283,757,323,1.0
342: 757,320,753,281,834,274,837,313,1.0
342: 927,302,923,266,998,258,1002,295,1.0
342: 323,248,315,209,483,174,491,213,0.875
343: 736,443,658,429,664,397,742,411,0.999
343: 1119,371,1115,124,1160,123,1165,370,0.826
344: 213,217,212,179,325,176,326,214,0.996
344: 722,228,722,202,759,202,759,228,0.993
344: 461,266,459,247,508,241,510,260,0.961
345: 664,466,660,448,711,435,716,454,0.728
345: 719,719,704,701,776,655,791,678,0.671
346: 705,250,705,232,785,232,785,250,1.0
346: 728,233,728,218,767,218,767,233,0.996
346: 391,194,239,94,263,57,415,157,0.991
346: 695,232,695,218,728,218,728,232,0.986
346: 99,240,99,220,155,220,155,240,0.942
346: 570,349,570,330,640,330,640,349,0.903
346: 768,234,768,220,795,220,795,234,0.6
347: 488,276,356,261,359,232,491,248,1.0
347: 122,227,81,220,84,200,125,207,0.999
347: 1,348,1,334,37,334,37,348,0.982
347: 466,249,396,237,399,215,470,226,0.954
347: 215,441,60,432,62,400,217,409,0.946
347: 510,253,465,248,467,226,512,231,0.942
347: 402,239,339,231,342,207,405,215,0.892
348: 1035,223,1035,153,1106,153,1106,223,0.899
349: 562,287,476,273,481,242,567,257,0.989
349: 560,308,475,298,478,272,563,283,0.988
349: 494,189,494,168,559,168,559,189,0.976
349: 43,373,43,349,109,349,109,373,0.887
349: 103,372,103,349,173,349,173,372,0.631
349: 1222,312,1104,306,1106,277,1224,282,0.596
350: 689,212,484,203,486,157,691,167,1.0
350: 852,216,685,210,687,171,854,177,1.0
350: 551,525,548,508,608,498,611,514,0.757
351: 396,337,183,334,184,290,397,292,1.0
351: 394,302,185,283,190,227,399,246,0.999
351: 689,233,689,194,856,194,856,233,0.993
351: 303,394,303,342,371,342,371,394,0.553
352: 738,198,736,176,775,173,777,195,1.0
352: 55,157,50,116,234,96,238,137,0.993
353: 283,598,223,598,223,568,283,568,0.905
353: 282,595,282,573,326,573,326,595,0.794
354: 549,356,546,320,710,305,713,341,0.997
355: 626,325,626,300,670,300,670,325,1.0
355: 1021,442,1021,416,1124,416,1124,442,0.998
355: 1121,468,1031,464,1033,436,1122,440,0.997
355: 1058,366,1058,343,1116,343,1116,366,0.996
355: 1017,364,1017,343,1056,343,1056,364,0.952
356: 514,195,501,163,621,114,634,147,0.989
356: 1094,381,1059,17,1128,11,1162,374,0.984
356: 54,378,54,366,79,366,79,378,0.916
356: 55,386,55,376,77,376,77,386,0.916
356: 1093,421,1093,279,1151,279,1151,421,0.791
356: 178,233,178,217,270,217,270,233,0.717
357: 502,266,428,221,453,180,527,226,0.999
357: 444,237,285,155,320,87,479,170,0.995
357: 403,422,403,402,435,402,435,422,0.987
357: 553,293,510,268,522,247,565,272,0.964
358: 352,370,350,348,468,334,471,355,1.0
358: 160,266,150,231,233,207,243,242,1.0
358: 351,348,348,307,464,299,467,340,0.999
358: 412,250,411,235,455,233,456,248,0.999
358: 343,307,343,285,397,285,397,307,0.998
358: 380,253,380,237,412,237,412,253,0.998
358: 838,203,834,171,881,166,884,197,0.998
358: 399,304,398,280,471,277,472,300,0.997
358: 239,353,231,325,292,307,300,335,0.996
358: 139,395,105,301,276,239,310,333,0.993
358: 404,264,404,249,431,249,431,264,0.988
358: 346,257,344,240,379,237,381,254,0.93
358: 344,270,343,255,404,251,405,265,0.899
358: 431,262,430,247,464,245,465,260,0.865
358: 670,220,670,193,736,193,736,220,0.802
359: 241,276,236,252,278,244,282,268,0.999
359: 338,312,336,273,403,269,405,308,0.998
359: 16,372,14,354,62,350,64,368,0.997
359: 271,340,271,315,299,315,299,340,0.984
359: 1,347,1,277,128,277,128,347,0.919
359: 217,361,213,287,269,284,273,358,0.812
360: 777,237,772,190,895,175,900,223,0.994
360: 728,405,687,403,688,387,729,389,0.993
360: 619,394,615,373,662,364,666,385,0.828
360: 733,391,708,391,708,380,733,380,0.774
360: 730,414,686,412,687,401,731,403,0.755
360: 686,389,686,378,706,378,706,389,0.655
361: 754,169,719,116,838,39,872,92,0.991
361: 712,192,684,155,750,104,779,141,0.857
362: 369,183,369,162,405,162,405,183,1.0
362: 905,222,905,164,1169,164,1169,222,1.0
362: 1169,305,1168,286,1263,278,1265,297,0.97
362: 1178,219,1178,170,1278,170,1278,219,0.969
362: 190,245,190,233,249,233,249,245,0.884
362: 249,245,249,233,296,233,296,245,0.873
362: 103,129,95,26,244,14,252,118,0.539
363: 299,171,299,127,634,127,634,171,1.0
363: 1000,157,1000,120,1151,120,1151,157,0.993
363: 411,198,411,175,532,175,532,198,0.991
363: 536,195,536,172,599,172,599,195,0.936
363: 1055,188,1055,168,1129,168,1129,188,0.8
364: 637,239,634,202,721,196,724,233,1.0
364: 581,243,579,209,637,207,639,241,0.999
364: 848,310,848,279,951,279,951,310,0.999
364: 560,346,560,307,611,307,611,346,0.998
364: 438,364,438,343,476,343,476,364,0.987
364: 1092,310,1092,293,1164,293,1164,310,0.974
364: 566,366,566,346,602,346,602,366,0.594
365: 398,346,398,332,465,332,465,346,0.998
365: 1136,412,1136,380,1240,380,1240,412,0.997
365: 191,221,189,178,345,173,347,216,0.991
365: 1057,324,1050,261,1204,245,1211,308,0.954
366: 665,407,665,385,725,385,725,407,0.999
366: 1,231,1,198,101,198,101,231,0.995
366: 150,359,150,345,221,345,221,359,0.991
366: 392,328,392,305,433,305,433,328,0.884
367: 20,229,15,193,179,170,184,205,0.993
368: 341,113,263,42,288,14,366,86,0.975
369: 290,215,290,188,386,188,386,215,1.0
369: 88,194,88,151,412,151,412,194,1.0
369: 847,293,847,276,906,276,906,293,0.994
369: 769,162,769,107,918,107,918,162,0.965
369: 918,293,918,275,949,275,949,293,0.842
370: 676,247,383,141,419,42,712,149,0.999
370: 706,267,560,196,590,135,735,206,0.688
371: 606,220,606,197,675,197,675,220,1.0
371: 676,218,676,196,729,196,729,218,0.999
371: 491,199,491,164,723,164,723,199,0.997
372: 227,253,227,85,289,85,289,253,0.997
373: 1190,252,1190,230,1274,230,1274,252,1.0
373: 1085,251,1085,233,1163,233,1163,251,1.0
373: 1178,230,1178,209,1255,209,1255,230,0.999
373: 1094,231,1094,210,1169,210,1169,231,0.999
373: 952,219,950,198,984,195,987,216,0.997
373: 896,206,895,184,935,182,936,204,0.995
373: 934,201,932,181,985,177,986,197,0.994
373: 914,222,913,203,953,201,954,220,0.992
373: 42,282,42,252,108,252,108,282,0.725
374: 1137,202,1131,168,1248,147,1254,181,1.0
374: 1123,158,1114,111,1248,86,1257,133,0.999
374: 945,116,934,73,1011,54,1021,97,0.998
374: 1276,710,1171,682,1183,638,1279,667,0.99
374: 1151,383,1151,361,1258,361,1258,383,0.987
374: 908,178,908,158,943,158,943,178,0.977
374: 989,186,986,170,1030,162,1033,178,0.963
374: 1099,686,1028,664,1035,641,1107,663,0.942
374: 1033,667,942,641,948,618,1039,644,0.894
374: 1053,622,1003,622,1003,593,1053,593,0.716
374: 942,195,939,177,979,170,982,188,0.629
375: 1047,378,1047,356,1166,356,1166,378,0.992
375: 955,166,932,131,1064,42,1088,77,0.969
375: 699,494,699,459,734,459,734,494,0.548
376: 1152,498,1152,445,1277,445,1277,498,0.999
376: 1003,182,969,141,1074,53,1108,93,0.999
376: 1145,454,1140,400,1274,388,1279,441,0.995
377: 714,228,705,204,796,170,805,194,1.0
377: 666,244,658,224,715,203,723,224,0.999
377: 1004,392,1004,357,1056,357,1056,392,0.995
377: 912,152,852,150,853,115,913,117,0.802
377: 570,288,560,264,601,247,611,272,0.676
378: 1033,285,1033,256,1172,256,1172,285,1.0
378: 845,96,841,76,894,65,898,85,0.964
378: 697,121,694,102,736,95,739,113,0.856
379: 975,165,970,69,989,68,994,164,0.989
379: 863,362,863,349,902,349,902,362,0.988
379: 824,346,824,334,874,334,874,346,0.985
379: 970,344,966,260,987,259,990,343,0.984
379: 877,344,877,332,935,332,935,344,0.935
379: 989,345,983,237,1004,236,1009,344,0.866
379: 378,408,378,362,447,362,447,408,0.604
380: 273,105,211,87,225,38,287,56,1.0
380: 214,93,112,66,125,16,227,43,0.999
380: 264,134,181,113,190,79,272,100,0.997
380: 328,478,282,476,291,228,337,230,0.988
380: 185,112,133,106,137,74,189,81,0.957
381: 382,208,262,184,266,164,386,188,1.0
381: 585,403,580,212,634,210,638,401,0.99
381: 775,362,772,335,857,325,860,352,0.741
382: 1021,192,1014,160,1085,146,1091,178,0.998
382: 1202,140,1197,123,1231,112,1236,128,0.9
382: 1089,170,1085,154,1115,147,1119,163,0.697
382: 1117,164,1113,146,1155,136,1159,154,0.52
383: 1074,188,1071,154,1143,148,1146,182,1.0
383: 662,249,658,196,800,186,804,239,0.999
383: 810,224,806,196,862,190,865,218,0.999
383: 867,219,862,182,1032,157,1037,193,0.999
383: 1057,304,1057,281,1146,281,1146,304,0.997
383: 650,66,603,53,610,28,657,41,0.996
383: 525,330,504,329,510,222,530,223,0.692
384: 1213,305,1212,284,1278,282,1279,303,0.999
384: 1208,160,1203,145,1234,136,1238,150,0.998
384: 1229,348,1229,329,1279,329,1279,348,0.998
384: 1181,338,1130,336,1131,315,1182,317,0.998
384: 1207,114,1203,69,1276,62,1279,108,0.997
384: 1250,160,1250,146,1275,146,1275,160,0.988
384: 1241,149,1241,132,1273,132,1273,149,0.98
384: 1183,189,1177,163,1261,146,1267,172,0.975
384: 1241,188,1240,172,1276,171,1277,186,0.956
385: 149,224,66,171,94,127,177,180,0.945
386: 398,276,290,257,298,210,406,229,0.996
386: 308,217,185,183,193,155,316,189,0.973
387: 272,257,210,237,219,210,281,231,0.999
387: 321,275,270,256,278,234,329,252,0.998
387: 122,236,12,202,21,176,130,210,0.966
388: 587,140,559,137,561,116,589,119,1.0
388: 368,227,368,205,439,205,439,227,0.999
388: 347,433,343,415,446,392,451,411,0.999
388: 325,227,325,205,367,205,367,227,0.998
388: 928,246,926,230,1004,223,1006,240,0.961
388: 908,202,907,182,941,180,942,200,0.958
388: 942,199,940,180,1009,174,1010,193,0.953
388: 347,444,345,433,380,426,382,437,0.88
388: 140,241,137,223,160,218,164,237,0.843
388: 111,248,108,229,139,223,143,242,0.77
388: 384,434,382,424,409,418,411,429,0.658
389: 724,134,724,111,784,111,784,134,0.999
389: 379,116,379,94,454,94,454,116,0.998
389: 161,202,161,179,219,179,219,202,0.994
389: 256,190,158,186,160,138,258,142,0.994
389: 459,118,459,101,502,101,502,118,0.99
389: 166,233,166,188,262,188,262,233,0.951
389: 97,692,89,670,206,630,213,651,0.582
390: 448,311,442,286,533,266,539,291,0.999
390: 701,83,700,62,736,60,737,81,0.991
390: 735,80,733,61,797,55,799,74,0.991
390: 433,113,431,88,527,82,529,107,0.89
390: 384,114,384,92,437,92,437,114,0.81
391: 224,50,214,23,258,7,267,34,0.999
391: 128,240,128,217,236,217,236,240,0.999
391: 236,242,236,220,293,220,293,242,0.998
391: 747,358,747,297,771,297,771,358,0.996
391: 536,360,536,341,560,341,560,360,0.98
391: 482,369,478,344,539,336,543,361,0.883
391: 383,217,381,184,457,181,458,214,0.745
391: 1059,438,937,436,938,400,1060,402,0.734
392: 1091,251,959,242,961,222,1093,231,1.0
392: 1073,233,978,225,980,206,1075,213,0.999
392: 406,545,349,545,349,515,406,515,0.998
392: 853,212,801,208,803,192,855,196,0.996
392: 405,546,405,519,443,519,443,546,0.996
392: 120,449,85,446,91,361,126,364,0.995
392: 436,550,436,510,530,510,530,550,0.993
392: 944,404,944,387,1006,387,1006,404,0.992
392: 866,403,866,384,947,384,947,403,0.987
392: 410,570,410,556,469,556,469,570,0.967
392: 354,569,354,556,409,556,409,569,0.889
393: 439,196,437,172,600,156,603,180,0.999
393: 200,184,198,164,279,159,281,179,0.999
393: 458,172,456,150,569,139,571,161,0.999
393: 821,437,808,411,911,360,924,387,0.999
393: 380,434,373,413,467,385,474,406,0.999
393: 467,409,461,389,535,364,542,384,0.997
394: 151,708,149,671,318,665,320,703,1.0
394: 134,677,133,655,202,652,203,674,0.996
394: 42,658,39,592,409,576,412,642,0.984
394: 224,587,224,568,257,568,257,587,0.905
394: 94,591,94,569,219,569,219,591,0.866
394: 199,671,198,650,310,646,311,668,0.846
394: 274,584,274,566,319,566,319,584,0.52
395: 975,42,972,17,1016,11,1019,36,1.0
395: 736,163,733,146,802,136,805,154,0.995
395: 703,168,701,150,737,145,740,163,0.991
395: 742,312,741,296,814,289,815,305,0.952
396: 316,102,241,100,242,75,317,77,1.0
396: 167,438,165,413,259,409,260,434,0.999
396: 131,96,131,71,202,71,202,96,0.999
396: 261,431,260,408,340,405,341,428,0.998
396: 204,92,204,71,241,71,241,92,0.972
396: 346,423,346,403,382,403,382,423,0.938
397: 86,421,82,341,116,340,120,419,0.968
397: 637,63,637,1,910,1,910,63,0.843
397: 293,94,288,16,525,1,530,79,0.745
398: 121,66,112,39,173,19,182,46,0.999
398: 709,348,700,216,740,213,749,345,0.997
398: 369,332,362,250,387,248,394,330,0.99
398: 359,214,357,172,377,171,379,212,0.955
398: 997,365,988,233,1038,230,1046,361,0.928
399: 769,272,768,252,825,249,826,269,0.993
399: 825,268,824,248,881,246,882,266,0.988
399: 727,224,725,187,911,180,913,217,0.944
399: 751,331,750,313,799,311,800,329,0.827
399: 717,203,712,171,766,161,771,194,0.771
400: 1068,324,1068,295,1152,295,1152,324,1.0
400: 846,274,845,238,927,237,928,272,0.998
400: 1072,358,1072,341,1097,341,1097,358,0.58
401: 47,461,46,441,97,438,98,458,0.999
401: 214,425,213,407,272,403,273,421,0.998
401: 1,303,1,279,52,279,52,303,0.948
401: 59,315,9,312,10,300,60,302,0.579
402: 993,289,988,259,1045,248,1051,279,0.997
402: 1112,412,1110,387,1190,380,1192,404,0.997
402: 1239,394,1237,375,1278,372,1279,391,0.988
402: 1190,400,1190,378,1213,378,1213,400,0.716
403: 383,278,374,248,447,225,457,255,1.0
403: 408,237,402,213,444,203,450,226,1.0
403: 599,169,593,145,649,131,655,155,0.999
403: 413,210,413,177,440,177,440,210,0.999
403: 377,246,369,222,403,212,410,236,0.997
403: 603,192,596,167,679,143,686,168,0.996
403: 374,220,368,191,413,181,420,210,0.996
403: 605,212,598,187,644,175,650,200,0.985
404: 1260,591,1084,543,1109,451,1279,500,0.999
404: 1254,719,1054,653,1100,526,1279,599,0.997
405: 252,418,246,378,364,359,371,399,1.0
405: 254,377,251,349,362,337,365,365,1.0
405: 257,443,252,418,312,405,317,430,1.0
405: 250,354,247,326,358,314,361,342,1.0
405: 313,432,309,406,370,395,374,422,1.0
405: 276,454,273,431,365,420,368,443,0.675
406: 882,317,882,275,994,275,994,317,0.998
406: 522,408,458,381,470,353,534,381,0.796
407: 20,415,16,371,261,347,266,391,1.0
407: 249,120,22,101,26,50,253,69,1.0
407: 266,387,263,342,430,330,433,375,0.999
407: 196,433,192,403,271,393,275,423,0.999
407: 320,414,316,388,381,379,385,405,0.996
407: 142,439,142,408,193,408,193,439,0.994
407: 389,402,387,382,432,377,434,398,0.989
407: 251,141,112,135,114,107,253,114,0.984
407: 276,421,272,391,317,386,320,416,0.981
407: 74,450,72,417,139,414,141,447,0.969
407: 389,417,389,397,416,397,416,417,0.96
407: 318,446,318,425,340,425,340,446,0.89
407: 114,135,46,129,48,101,117,107,0.873
407: 339,442,336,426,384,418,387,434,0.862
407: 169,471,167,451,209,446,211,466,0.568
407: 392,431,390,413,434,409,435,427,0.55
408: 913,54,911,15,1016,11,1018,49,0.995
409: 627,225,627,206,705,206,705,225,0.998
409: 586,224,586,205,628,205,628,224,0.971
409: 706,223,706,33,732,33,732,223,0.967
409: 21,452,11,405,216,363,226,410,0.95
409: 476,104,476,77,578,77,578,104,0.929
409: 3,205,3,148,198,148,198,205,0.916
409: 477,84,477,60,559,60,559,84,0.874
409: 177,572,160,529,270,486,287,529,0.835
409: 216,267,213,223,315,217,318,261,0.75
409: 1028,343,1028,323,1070,323,1070,343,0.602
410: 855,259,855,228,965,228,965,259,0.999
410: 850,257,632,253,633,214,851,217,0.998
410: 81,247,81,211,178,211,178,247,0.997
410: 176,247,176,215,239,215,239,247,0.976
410: 627,275,627,254,660,254,660,275,0.844
411: 641,92,641,41,801,41,801,92,1.0
411: 1193,100,1193,66,1279,66,1279,100,0.998
411: 818,210,817,190,854,188,855,208,0.997
411: 12,88,11,47,358,42,359,83,0.984
411: 914,482,909,461,961,449,966,470,0.964
411: 3,210,2,195,42,193,43,209,0.902
411: 863,167,863,139,964,139,964,167,0.85
411: 864,143,864,119,933,119,933,143,0.789
412: 597,116,515,97,521,70,604,89,0.999
412: 722,151,637,134,644,100,729,117,0.999
412: 1276,315,1173,294,1183,244,1279,265,0.994
412: 520,97,401,65,408,39,528,71,0.99
412: 1278,263,1193,253,1197,211,1279,221,0.97
413: 841,150,837,66,1278,48,1279,132,0.886
413: 95,169,34,165,36,139,97,143,0.563
414: 1132,263,1132,208,1219,208,1219,263,1.0
414: 1117,218,1111,171,1187,161,1193,209,0.986
414: 741,205,733,174,1025,105,1033,136,0.898
415: 214,130,214,108,329,108,329,130,0.997
415: 214,111,214,71,328,71,328,111,0.993
415: 743,331,741,313,819,302,822,320,0.989
415: 753,272,751,256,832,247,834,263,0.975
415: 768,305,766,292,806,286,808,299,0.959
415: 683,280,681,265,753,255,755,270,0.954
415: 645,313,641,281,873,249,877,281,0.931
415: 717,335,714,317,746,313,749,331,0.731
415: 153,383,151,353,213,350,214,379,0.624
415: 444,220,442,203,516,196,518,213,0.546
416: 318,164,236,134,248,101,330,131,1.0
416: 245,134,158,102,170,70,257,102,1.0
416: 488,586,465,562,518,513,540,538,0.949
416: 445,156,445,130,545,130,545,156,0.888
416: 231,160,207,154,210,142,234,148,0.774
416: 210,155,179,147,183,133,214,141,0.668
416: 311,187,180,169,182,149,313,166,0.553
417: 515,157,513,102,620,97,623,152,1.0
417: 811,435,802,407,856,390,865,418,0.999
417: 492,215,491,197,536,195,537,213,0.999
417: 435,188,433,168,488,164,490,184,0.998
417: 439,220,438,201,491,198,492,217,0.997
417: 445,288,443,267,478,263,480,284,0.996
417: 743,455,734,421,810,402,819,436,0.992
417: 597,162,597,149,619,149,619,162,0.904
417: 886,264,884,244,913,241,915,261,0.818
417: 558,164,557,152,597,150,598,163,0.574
418: 284,563,266,542,360,459,378,480,1.0
418: 110,242,88,226,143,150,166,166,0.999
418: 508,72,506,50,559,43,562,66,0.999
418: 367,485,352,468,422,407,437,424,0.999
418: 645,617,641,561,660,559,664,615,0.999
418: 240,277,222,160,377,136,395,254,0.998
418: 633,619,627,558,643,556,649,617,0.998
418: 524,203,524,180,579,180,579,203,0.996
418: 425,710,425,650,458,650,458,710,0.991
418: 284,325,278,311,320,293,326,307,0.991
418: 551,370,551,347,601,347,601,370,0.988
418: 539,295,539,272,593,272,593,295,0.987
418: 762,247,762,232,789,232,789,247,0.986
418: 297,366,290,354,345,324,351,337,0.978
418: 727,249,727,235,761,235,761,249,0.97
418: 75,94,62,81,108,34,122,48,0.963
418: 324,305,319,293,348,281,353,294,0.939
418: 739,152,739,137,761,137,761,152,0.925
418: 682,157,680,145,728,140,729,152,0.912
418: 811,466,782,466,782,452,811,452,0.911
418: 266,359,259,346,286,331,293,344,0.908
418: 45,125,30,109,79,64,93,80,0.874
418: 290,345,284,331,306,322,312,335,0.826
418: 352,294,347,280,370,271,376,284,0.822
418: 705,368,705,356,757,356,757,368,0.778
418: 311,337,304,323,347,302,353,315,0.756
418: 511,208,511,150,612,150,612,208,0.752
418: 702,263,701,251,765,245,767,257,0.743
418: 154,171,142,159,165,136,177,148,0.711
418: 348,719,330,709,375,659,392,675,0.667
419: 927,164,908,125,1029,66,1048,106,1.0
419: 980,272,978,236,1026,234,1028,270,1.0
419: 976,237,971,214,1022,204,1026,227,0.997
420: 1082,138,1052,94,1131,40,1161,84,0.994
420: 1037,168,1011,133,1071,90,1096,125,0.526
421: 295,193,32,170,38,93,302,115,0.998
421: 395,284,391,256,444,248,448,277,0.977
421: 474,122,377,73,404,19,501,67,0.937
421: 555,147,470,111,489,65,574,100,0.933
421: 103,380,98,357,166,342,171,366,0.876
421: 132,549,120,523,192,492,203,518,0.818
421: 429,453,426,431,476,425,479,447,0.527
422: 621,187,617,155,690,146,694,178,0.997
422: 455,334,451,312,491,305,495,327,0.994
422: 690,164,688,148,747,141,749,157,0.993
422: 405,345,401,325,447,314,452,334,0.991
422: 472,351,469,331,537,318,540,339,0.99
422: 78,290,78,109,547,109,547,290,0.968
422: 811,160,811,130,842,130,842,160,0.947
422: 690,177,688,161,754,154,756,170,0.889
422: 389,368,385,347,457,331,461,352,0.723
423: 136,524,127,496,208,469,218,497,0.998
423: 369,445,361,420,432,396,440,421,0.997
423: 343,480,334,454,408,430,416,455,0.987
423: 411,452,404,419,462,406,470,439,0.982
423: 219,526,201,471,361,417,380,473,0.975
423: 105,563,95,533,189,504,199,534,0.964
423: 199,529,192,501,260,482,268,511,0.906
423: 454,475,449,463,478,451,483,463,0.576
424: 315,460,311,433,402,418,407,445,0.997
425: 1062,408,939,387,945,349,1068,369,1.0
425: 1213,385,940,370,943,308,1217,324,0.999
425: 1209,434,1058,411,1065,362,1216,385,0.999
425: 1000,506,966,495,971,479,1006,491,0.915
425: 1137,446,1089,437,1093,418,1141,428,0.76
425: 1092,438,1031,423,1035,406,1096,421,0.716
425: 969,494,937,484,942,471,973,481,0.594
427: 251,358,250,334,321,332,322,356,1.0
427: 266,336,265,323,318,320,319,333,0.997
427: 292,324,292,311,317,311,317,324,0.996
428: 686,300,686,277,767,277,767,300,0.994
428: 1158,695,1106,692,1120,480,1172,484,0.974
429: 320,167,209,165,210,129,321,131,1.0
429: 205,161,93,159,94,120,206,122,1.0
429: 359,136,220,126,223,87,362,97,0.999
429: 93,282,93,267,138,267,138,282,0.998
429: 89,205,89,186,180,186,180,205,0.997
429: 93,394,90,376,187,363,190,381,0.997
429: 182,120,90,117,92,75,184,78,0.996
429: 93,357,91,338,170,331,172,350,0.993
429: 140,281,140,264,182,264,182,281,0.993
429: 183,280,182,261,223,260,224,278,0.99
429: 93,319,93,301,137,301,137,319,0.99
429: 99,466,96,448,155,438,158,456,0.989
429: 91,238,91,223,132,223,132,238,0.987
429: 134,239,134,222,192,222,192,239,0.985
429: 156,456,153,439,191,432,194,448,0.984
429: 166,314,165,298,227,295,228,312,0.983
429: 134,492,130,474,213,457,217,476,0.976
429: 92,269,92,254,159,254,159,269,0.97
429: 168,349,166,332,236,325,238,342,0.961
429: 101,496,99,479,131,476,133,493,0.961
429: 96,429,93,412,138,405,141,422,0.953
429: 155,420,152,404,192,397,195,413,0.928
429: 298,385,295,369,372,355,375,371,0.867
429: 282,417,280,402,342,391,344,406,0.853
429: 257,422,254,407,281,402,284,417,0.799
429: 256,347,256,323,371,323,371,347,0.729
429: 324,168,324,138,360,138,360,168,0.623
429: 261,716,261,603,364,603,364,716,0.592
430: 682,132,589,121,592,92,685,103,1.0
430: 334,232,261,227,263,207,335,212,0.994
430: 272,204,231,202,233,182,274,185,0.941
430: 293,126,293,103,320,103,320,126,0.824
430: 336,212,269,205,271,183,338,189,0.798
430: 342,184,282,174,286,148,346,157,0.738
430: 212,121,212,94,244,94,244,121,0.642
431: 250,362,250,332,321,332,321,362,1.0
431: 251,329,251,302,329,302,329,329,0.999
431: 273,298,273,271,319,271,319,298,0.996
431: 345,608,343,570,434,565,436,603,0.994
431: 335,607,267,596,273,563,341,575,0.987
431: 247,464,247,393,422,393,422,464,0.986
431: 291,394,242,385,246,359,295,368,0.959
432: 550,289,490,284,493,250,553,255,1.0
432: 203,317,203,292,277,292,277,317,0.995
432: 7,370,7,341,78,341,78,370,0.991
432: 313,304,195,298,197,256,315,262,0.986
432: 1,423,1,386,83,386,83,423,0.979
433: 1118,126,1118,78,1210,78,1210,126,1.0
434: 576,219,576,157,629,157,629,219,0.999
434: 830,229,830,195,918,195,918,229,0.996
434: 785,232,785,200,832,200,832,232,0.978
434: 1069,381,1050,22,1097,20,1115,378,0.975
434: 788,266,788,228,903,228,903,266,0.975
434: 1067,371,1067,277,1111,277,1111,371,0.684
435: 304,260,162,236,172,174,314,198,1.0
435: 22,237,22,151,174,151,174,237,0.997
435: 115,559,115,431,160,431,160,559,0.98
435: 117,658,117,541,167,541,167,658,0.964
436: 1000,283,1000,260,1085,260,1085,283,0.997
436: 1083,285,1083,262,1121,262,1121,285,0.895
437: 312,244,310,224,362,221,364,241,1.0
437: 398,236,397,217,440,215,441,234,1.0
437: 363,238,363,220,397,220,397,238,0.999
437: 109,71,107,41,170,36,172,66,0.917
438: 1079,370,1078,345,1141,342,1142,367,0.999
438: 1021,373,1021,349,1081,349,1081,373,0.998
438: 1109,482,1109,466,1143,466,1143,482,0.996
438: 1110,395,1109,371,1179,369,1180,393,0.99
438: 1032,395,1032,374,1072,374,1072,395,0.989
438: 1107,481,1055,478,1056,462,1108,465,0.988
438: 1072,393,1072,373,1112,373,1112,393,0.982
438: 997,399,997,377,1032,377,1032,399,0.982
438: 1091,438,1091,410,1180,410,1180,438,0.918
438: 1069,432,1069,416,1091,416,1091,432,0.683
439: 697,128,531,71,547,24,713,81,0.999
439: 74,347,74,288,270,288,270,347,0.993
440: 1181,292,1181,263,1247,263,1247,292,1.0
440: 1102,199,1100,170,1204,163,1207,192,1.0
440: 1123,295,1123,270,1176,270,1176,295,0.999
440: 1209,240,1209,210,1271,210,1271,240,0.999
440: 1087,168,1086,138,1209,134,1210,164,0.999
440: 1210,190,1210,161,1249,161,1249,190,0.998
440: 1160,242,1160,215,1206,215,1206,242,0.998
440: 1214,158,1214,133,1256,133,1256,158,0.995
441: 994,239,990,199,1128,185,1132,225,0.999
441: 1135,218,1131,191,1237,176,1241,203,0.999
441: 1038,301,1038,283,1090,283,1090,301,0.999
441: 991,275,989,256,1080,250,1082,269,0.997
441: 1133,305,1092,302,1094,282,1135,285,0.994
441: 1151,398,1110,395,1112,377,1153,380,0.991
441: 1183,398,1154,398,1154,382,1183,382,0.991
441: 1082,271,1080,249,1145,244,1147,265,0.99
441: 1008,299,1008,284,1034,284,1034,299,0.984
441: 1027,330,1027,314,1077,314,1077,330,0.933
441: 1077,331,1077,315,1107,315,1107,331,0.922
441: 937,242,934,204,991,201,994,239,0.839
441: 1112,394,961,387,962,370,1113,377,0.838
441: 1175,334,1175,318,1239,318,1239,334,0.768
441: 1109,332,1109,316,1193,316,1193,332,0.714
441: 968,274,968,260,991,260,991,274,0.582
442: 899,101,899,69,975,69,975,101,1.0
442: 820,106,820,73,889,73,889,106,0.999
442: 812,66,812,27,939,27,939,66,0.998
443: 345,277,342,262,380,254,383,270,1.0
443: 347,260,344,243,395,234,398,251,1.0
443: 341,244,338,228,380,219,383,235,0.999
443: 396,250,393,234,422,229,425,246,0.999
443: 385,235,382,218,425,211,428,228,0.999
443: 384,270,381,254,426,247,428,262,0.998
444: 622,160,622,141,662,141,662,160,0.999
444: 616,139,616,117,662,117,662,139,0.999
444: 660,95,616,92,617,70,661,73,0.999
444: 672,118,602,115,603,93,673,95,0.996
444: 603,232,603,199,679,199,679,232,0.969
445: 749,472,747,439,820,436,822,469,0.991
445: 1237,40,1237,18,1279,18,1279,40,0.988
445: 834,469,818,430,912,390,929,429,0.976
445: 1246,62,1246,38,1279,38,1279,62,0.959
445: 707,666,687,623,756,592,776,634,0.955
445: 764,640,741,592,813,557,836,605,0.945
445: 325,52,325,9,349,9,349,52,0.649
446: 333,52,214,44,216,17,335,24,0.999
447: 421,151,419,131,481,125,483,144,0.999
447: 388,155,386,136,421,132,423,151,0.999
447: 389,96,389,74,426,74,426,96,0.999
447: 402,125,400,106,460,100,462,119,0.999
447: 426,91,423,72,466,66,469,86,0.998
447: 735,202,733,187,784,181,786,196,0.994
447: 382,522,380,499,427,497,429,520,0.99
447: 735,193,733,181,774,175,776,187,0.922
448: 592,284,591,261,636,258,638,281,0.999
448: 694,274,692,254,733,251,735,271,0.999
448: 734,270,732,248,774,246,776,268,0.999
448: 666,276,666,255,692,255,692,276,0.996
448: 637,279,635,259,666,257,668,277,0.994
449: 106,337,106,314,240,314,240,337,0.999
450: 898,76,895,45,954,40,956,71,1.0
450: 306,166,241,144,250,120,315,142,0.993
450: 12,46,12,1,195,1,195,46,0.587
451: 1115,81,1015,77,1016,48,1116,52,1.0
451: 1190,82,1190,58,1232,58,1232,82,1.0
451: 1130,564,1016,517,1027,489,1141,536,0.999
451: 1008,49,1008,24,1094,24,1094,49,0.999
451: 1166,543,1104,518,1115,490,1177,515,0.999
451: 346,132,346,109,392,109,392,132,0.998
451: 865,73,865,44,992,44,992,73,0.998
451: 1064,500,996,474,1006,449,1073,475,0.997
451: 1112,521,1056,501,1066,472,1122,492,0.996
451: 1149,80,1149,54,1190,54,1190,80,0.993
451: 1271,517,1169,486,1182,442,1279,473,0.978
452: 731,263,731,246,771,246,771,263,0.997
452: 621,229,591,229,591,211,621,211,0.982
453: 375,229,372,205,440,198,443,221,0.998
453: 601,194,598,174,659,166,661,185,0.995
454: 420,667,420,633,555,633,555,667,0.999
454: 1002,275,1002,253,1068,253,1068,275,0.721
455: 558,326,546,299,608,270,620,296,1.0
455: 426,339,405,220,609,184,630,302,0.999
456: 218,237,216,226,267,219,268,231,0.999
456: 225,249,223,237,267,232,269,243,0.996
456: 493,91,492,81,528,77,529,88,0.966
457: 439,243,435,187,609,173,613,229,1.0
458: 403,223,286,159,317,102,434,166,0.966
459: 560,325,558,274,757,267,759,318,0.999
459: 607,378,599,322,762,300,770,356,0.999
459: 623,237,620,205,733,194,736,227,0.998
459: 293,278,292,267,347,260,348,272,0.943
459: 564,285,560,241,727,225,731,269,0.852
460: 380,687,372,661,445,639,453,665,0.999
460: 214,198,203,150,406,107,416,156,0.998
460: 453,668,440,633,495,613,508,648,0.998
460: 383,711,378,691,417,681,422,702,0.997
460: 433,699,424,681,501,643,510,661,0.986
460: 349,658,347,635,390,631,392,655,0.962
461: 140,187,140,160,203,160,203,187,0.998
461: 997,135,970,54,1128,1,1155,82,0.995
461: 836,129,830,106,886,91,893,114,0.995
461: 748,151,743,130,831,108,837,129,0.757
462: 732,422,732,371,886,371,886,422,0.999
462: 775,344,775,315,857,315,857,344,0.993
462: 822,444,786,442,787,425,823,427,0.987
462: 871,450,820,447,822,426,872,429,0.982
462: 737,442,737,424,788,424,788,442,0.961
462: 724,345,724,318,774,318,774,345,0.816
464: 692,205,690,186,756,181,758,199,1.0
464: 700,181,699,163,744,160,746,178,1.0
464: 679,163,676,143,768,132,770,152,1.0
465: 352,204,349,174,425,167,428,197,0.999
465: 638,265,632,244,698,226,704,247,0.999
465: 201,273,198,256,262,246,265,262,0.998
465: 423,199,421,165,477,161,480,195,0.997
465: 154,83,154,61,225,61,225,83,0.996
465: 147,31,147,1,283,1,283,31,0.995
465: 265,261,263,245,309,238,312,254,0.994
465: 458,112,458,87,492,87,492,112,0.978
465: 424,59,419,41,467,28,472,46,0.944
465: 241,76,241,60,277,60,277,76,0.817
465: 353,232,352,219,380,218,381,230,0.619
465: 382,230,381,217,430,215,431,228,0.581
466: 302,183,256,170,263,145,309,157,0.998
466: 264,173,207,161,213,133,270,145,0.995
466: 841,144,827,75,1079,24,1093,93,0.994
467: 1164,227,1164,203,1213,203,1213,227,1.0
467: 1080,286,1079,249,1169,247,1170,284,1.0
467: 1211,228,1211,201,1279,201,1279,228,0.999
468: 80,523,64,489,180,436,195,469,1.0
468: 106,560,90,512,172,485,188,533,1.0
468: 72,426,63,398,152,371,161,400,0.996
468: 102,457,92,432,155,406,166,431,0.996
468: 73,468,65,442,97,432,105,459,0.641
469: 535,193,527,160,591,145,599,178,0.999
469: 484,207,476,176,531,161,539,193,0.999
470: 386,41,386,1,512,1,512,41,1.0
470: 270,46,269,4,382,2,383,44,0.999
470: 267,99,265,43,542,38,544,94,0.999
470: 275,143,275,131,358,131,358,143,0.828
470: 261,159,261,144,384,144,384,159,0.556
471: 618,162,612,129,686,115,692,149,1.0
471: 691,147,686,117,770,103,775,133,1.0
471: 1129,75,1126,58,1172,51,1175,68,0.994
471: 1105,97,1102,80,1190,66,1193,83,0.987
471: 1171,69,1169,53,1199,49,1201,66,0.95
471: 1061,85,1059,69,1102,63,1104,79,0.919
471: 1034,89,1032,74,1062,70,1064,85,0.702
471: 379,293,374,273,437,257,442,277,0.61
471: 1053,101,1050,86,1097,80,1099,95,0.564
472: 255,109,255,53,403,53,403,109,1.0
472: 75,113,75,45,240,45,240,113,0.999
472: 1,152,1,135,81,135,81,152,0.996
472: 892,98,892,44,1112,44,1112,98,0.995
472: 357,135,356,118,423,116,424,133,0.836
473: 516,243,504,192,578,174,590,225,1.0
473: 581,221,570,174,667,153,677,200,0.999
473: 996,240,993,205,1065,199,1067,234,0.999
473: 559,274,558,260,618,258,619,272,0.996
473: 1021,327,1021,304,1071,304,1071,327,0.995
473: 982,287,982,265,1107,265,1107,287,0.992
473: 920,262,919,247,949,246,950,260,0.989
473: 666,105,654,81,689,63,701,87,0.981
473: 999,307,999,286,1072,286,1072,307,0.972
473: 1002,207,999,181,1048,174,1051,200,0.968
473: 981,328,981,308,1010,308,1010,328,0.92
473: 313,363,313,341,353,341,353,363,0.881
474: 237,87,237,65,320,65,320,87,0.999
474: 226,65,224,38,275,36,277,62,0.998
474: 275,63,275,38,327,38,327,63,0.998
474: 26,75,25,53,63,51,64,74,0.967
474: 31,99,31,76,103,76,103,99,0.959
474: 65,73,65,53,99,53,99,73,0.614
475: 610,183,608,157,728,149,730,174,0.999
475: 494,192,492,167,614,159,616,184,0.999
475: 808,164,808,141,868,141,868,164,0.999
475: 733,174,733,144,807,144,807,174,0.999
475: 414,198,413,172,494,170,495,196,0.998
475: 713,148,711,104,801,100,803,145,0.998
475: 372,202,372,180,416,180,416,202,0.986
476: 406,155,406,138,468,138,468,155,0.999
476: 621,146,564,142,566,120,623,124,0.998
476: 406,134,406,106,450,106,450,134,0.998
476: 452,138,452,113,525,113,525,138,0.998
476: 912,108,889,62,993,10,1016,56,0.996
476: 835,148,814,115,901,63,921,96,0.98
476: 517,170,517,156,545,156,545,170,0.586
477: 840,196,825,150,959,106,974,152,0.999
477: 1115,127,1114,104,1187,101,1188,124,0.999
477: 1054,317,1054,295,1094,295,1094,317,0.997
477: 1019,292,1019,275,1083,275,1083,292,0.997
477: 1083,290,1083,274,1132,274,1132,290,0.996
477: 1016,317,1016,296,1053,296,1053,317,0.995
477: 995,139,993,116,1107,107,1109,129,0.987
477: 1094,320,1094,291,1151,291,1151,320,0.986
477: 704,173,680,134,780,73,804,112,0.918
477: 1094,586,1033,579,1035,561,1096,568,0.754
478: 869,454,866,422,983,410,986,442,0.995
478: 470,106,468,88,539,80,541,99,0.882
479: 1135,239,1132,202,1278,189,1279,225,1.0
479: 1199,196,1197,178,1238,173,1240,191,0.72
479: 1176,201,1174,181,1199,179,1201,199,0.705
479: 1151,204,1149,184,1175,182,1176,202,0.624
480: 30,424,25,365,276,344,281,403,0.998
480: 559,119,558,99,611,97,612,117,0.992
480: 363,129,363,99,432,99,432,129,0.558
481: 1016,83,1006,50,1077,29,1087,61,0.999
481: 1018,240,1016,201,1110,197,1112,236,0.999
481: 1109,239,1108,190,1276,188,1277,236,0.999
481: 941,133,937,99,1010,90,1014,124,0.999
481: 989,201,988,166,1073,164,1074,199,0.998
481: 940,98,936,66,981,61,984,93,0.998
481: 939,208,939,179,987,179,987,208,0.998
481: 1018,118,1009,79,1105,58,1113,97,0.998
481: 941,316,941,290,991,290,991,316,0.997
481: 940,242,940,210,1017,210,1017,242,0.996
481: 968,357,968,325,1023,325,1023,357,0.996
481: 1080,326,989,320,992,285,1083,290,0.995
481: 933,397,747,385,754,272,940,285,0.993
481: 1274,541,1064,486,1076,440,1279,495,0.975
481: 1115,373,1021,368,1023,330,1117,335,0.956
481: 1273,339,1164,335,1166,297,1275,301,0.954
481: 943,719,735,622,781,529,988,629,0.928
481: 1076,195,1074,160,1127,158,1128,193,0.882
481: 890,527,816,501,829,465,903,491,0.537
482: 803,229,803,207,874,207,874,229,1.0
482: 136,95,50,91,51,67,137,71,1.0
482: 401,91,303,86,305,56,403,61,0.999
482: 1,90,1,71,47,71,47,90,0.999
482: 413,141,301,135,302,118,414,124,0.995
482: 230,79,114,73,116,35,232,40,0.994
482: 104,132,73,132,73,113,104,113,0.985
482: 152,134,102,133,103,113,153,115,0.984
482: 209,137,152,134,153,115,210,118,0.982
482: 381,105,318,102,319,84,382,87,0.982
482: 144,117,72,114,73,96,145,99,0.973
482: 70,113,38,111,39,95,71,97,0.966
482: 254,124,210,119,212,101,256,106,0.959
482: 208,119,145,117,146,98,209,100,0.949
482: 52,68,52,31,115,31,115,68,0.929
482: 1,112,1,95,37,95,37,112,0.887
482: 50,129,6,128,7,111,51,113,0.813
482: 1239,175,1239,154,1279,154,1279,175,0.704
482: 754,269,754,254,781,254,781,269,0.613
482: 566,366,566,326,607,326,607,366,0.531
483: 105,242,104,228,176,225,177,239,0.999
484: 619,81,615,63,661,54,664,72,0.999
484: 622,99,619,80,707,64,711,83,0.999
484: 573,88,571,70,620,63,622,81,0.999
484: 546,94,543,77,572,72,575,89,0.999
484: 228,203,228,183,321,183,321,203,0.999
484: 574,105,571,88,623,80,626,98,0.998
484: 708,84,704,64,764,52,768,72,0.997
484: 800,276,798,244,916,237,918,270,0.746
485: 1014,363,1014,315,1133,315,1133,363,1.0
485: 1169,209,1169,158,1240,158,1240,209,0.998
486: 579,165,565,115,659,87,674,136,0.997
487: 648,229,644,185,717,179,721,223,1.0
487: 660,255,660,231,705,231,705,255,0.997
487: 606,161,597,134,640,118,650,146,0.98
487: 553,179,542,145,587,130,598,164,0.962
487: 731,326,693,326,693,303,731,303,0.87
487: 586,165,584,141,604,139,607,163,0.6
488: 981,163,970,79,1278,37,1279,121,1.0
488: 1063,268,1062,242,1156,237,1157,263,0.998
488: 1076,244,1074,222,1138,217,1140,239,0.998
488: 1159,263,1157,237,1257,229,1260,255,0.998
488: 1168,239,1165,216,1229,209,1231,232,0.995
488: 1095,289,1095,260,1211,260,1211,289,0.994
489: 231,226,227,199,341,179,346,206,1.0
489: 210,133,198,80,321,51,334,105,0.993
489: 223,196,218,151,331,137,337,182,0.799
490: 207,245,136,222,147,188,218,210,0.999
490: 206,275,139,260,146,228,214,243,0.997
490: 206,307,139,298,143,266,210,274,0.997
490: 98,517,92,486,191,466,197,497,0.931
490: 947,467,947,439,995,439,995,467,0.842
490: 909,327,909,300,969,300,969,327,0.555
491: 305,90,303,62,466,51,468,79,1.0
491: 465,80,465,53,571,53,571,80,1.0
491: 395,247,395,220,485,220,485,247,0.998
491: 520,244,520,223,579,223,579,244,0.996
491: 611,246,611,227,658,227,658,246,0.995
491: 486,257,486,244,532,244,532,257,0.994
491: 442,259,442,245,486,245,486,259,0.991
491: 487,242,487,223,517,223,517,242,0.741
492: 850,41,850,14,953,14,953,41,1.0
492: 441,268,351,223,373,177,463,222,0.976
492: 337,208,333,188,362,183,365,203,0.853
492: 441,279,441,223,471,223,471,279,0.803
493: 95,308,95,240,213,240,213,308,1.0
493: 93,271,88,239,207,218,213,250,0.941
494: 177,158,26,82,65,5,216,81,0.999
495: 111,283,111,261,241,261,241,283,1.0
495: 643,205,643,193,680,193,680,205,0.998
495: 643,220,643,204,682,204,682,220,0.996
495: 585,208,585,193,642,193,642,208,0.996
495: 647,192,647,181,698,181,698,192,0.988
495: 698,192,698,180,727,180,727,192,0.983
495: 687,205,687,192,725,192,725,205,0.933
495: 158,92,158,75,203,75,203,92,0.863
495: 612,193,612,180,647,180,647,193,0.789
495: 725,204,725,191,747,191,747,204,0.731
496: 86,644,84,615,216,608,218,637,1.0
496: 152,354,71,351,72,317,154,320,0.999
496: 157,326,77,318,80,287,160,295,0.998
496: 86,310,79,257,169,245,176,298,0.996
496: 103,376,103,350,153,350,153,376,0.993
496: 386,319,386,299,436,299,436,319,0.975
496: 427,152,398,147,401,130,430,136,0.927
496: 433,172,393,164,396,146,436,154,0.835
497: 1119,202,1111,164,1277,130,1279,168,1.0
497: 1016,226,1012,208,1075,195,1078,213,0.998
497: 1130,353,1130,335,1159,335,1159,353,0.99
498: 50,332,50,305,121,305,121,332,1.0
498: 1,300,1,271,92,271,92,300,1.0
498: 29,402,28,382,78,380,79,400,1.0
498: 98,300,98,275,154,275,154,300,0.999
498: 79,398,78,378,116,376,117,396,0.999
498: 133,374,132,354,196,351,197,371,0.999
498: 50,379,49,359,130,356,131,376,0.999
498: 4,383,4,361,47,361,47,383,0.998
498: 51,270,51,239,105,239,105,270,0.997
498: 1,334,1,305,47,305,47,334,0.954
498: 27,405,1,405,1,383,27,383,0.627
499: 867,380,865,318,1150,311,1152,373,1.0
499: 857,326,854,266,1146,255,1149,315,1.0
499: 1173,673,883,655,886,597,1177,615,1.0
499: 1127,719,874,707,880,644,1133,667,0.996
